./bin/main --filtered --stat --dummy -n_threads 16 -distance 1 --pqueue 
Number of threads: 16
Indexing Type: FILTERED_VAMANA
k: 100
L: 100
R: 14
a: 1
threshold: 0.5
Unfiltered
Filtered
Using priority queue
Time to create the index: 00:00:21.708'736
Number of edges: 101011
--UNF_QUERIES--
0.151515
0.16
0.08
0.296296
0.103448
0.103448
0.192308
0.0833333
0.206897
0.230769
0.133333
0.222222
0
0.0322581
0
0.129032
0.230769
0.0714286
0.08
0.166667
0.137931
0.24
0.206897
0.142857
0
0.0333333
0
0.173913
0.129032
0.15625
0.0689655
0.09375
0.259259
0.08
0.153846
0.0555556
0.0833333
0.09375
0.172414
0.153846
0.0322581
0.1
0.192308
0.137931
0.0625
0.125
0.0333333
0.16129
0
0.148148
0.111111
0.08
0.233333
0.0645161
0.137931
0.151515
0.142857
0.0322581
0.3
0.0740741
0.103448
0
0.142857
0.178571
0.172414
0
0.08
0.03125
0.15625
0.25
0.269231
0.0555556
0.115385
0.0689655
0.0909091
0.129032
0.214286
0.0833333
0.137931
0.121212
0.0625
0.291667
0
0
0.185185
0.0416667
0.09375
0.142857
0.142857
0.142857
0.0833333
0.192308
0.030303
0.172414
0.0769231
0.0967742
0.242424
0.0689655
0.125
0.0740741
0.0967742
0.03125
0.16
0.0645161
0.0666667
0.230769
0.129032
0.1
0.0645161
0.0606061
0.16
0.0714286
0.296296
0.133333
0.0344828
0.241379
0.1875
0.030303
0.448276
0.0689655
0.037037
0.296296
0.0833333
0.178571
0.0769231
0.0384615
0.0740741
0.16
0.192308
0.0344828
0.133333
0.0322581
0.125
0.0769231
0.346154
0.2
0.12
0.307692
0.0967742
0.0606061
0.125
0.206897
0.0769231
0.148148
0.148148
0.0645161
0.125
0.0740741
0.0625
0.133333
0.151515
0.107143
0.12
0.125
0.137931
0.0625
0.0294118
0.166667
0.178571
0
0.0714286
0.153846
0.178571
0.09375
0.111111
0.111111
0.0322581
0.153846
0.153846
0.0769231
0.0882353
0.222222
0.115385
0.130435
0.03125
0.0645161
0.172414
0.0714286
0.137931
0.0384615
0.151515
0.0869565
0.103448
0.148148
0.206897
0.111111
0.0967742
0.147059
0.0571429
0.2
0.0689655
0.0769231
0.172414
0.172414
0.0714286
0.0526316
0.107143
0
0.111111
0.0909091
0.178571
0.0689655
0.0714286
0.148148
0.0967742
0
0.0882353
0
0.25
0.111111
0.0571429
0.166667
0.214286
0.08
0.133333
0.15625
0.0967742
0.137931
0.0869565
0.133333
0.121212
0.178571
0.0625
0.0882353
0.346154
0.129032
0.16129
0.0344828
0.121212
0.133333
0.259259
0.166667
0.2
0.148148
0.148148
0.04
0.2
0.0322581
0.133333
0.172414
0
0.148148
0.121212
0.08
0.0294118
0.107143
0.0740741
0.037037
0.346154
0.103448
0.09375
0.172414
0.0833333
0.0833333
0.2
0.0645161
0.28
0.0857143
0.24
0.321429
0.172414
0.03125
0.0689655
0.222222
0.115385
0.137931
0.09375
0.296296
0.153846
0.241379
0.0666667
0.222222
0.0625
0.185185
0.16
0.0645161
0.178571
0.0344828
0.142857
0.15625
0.0294118
0.0869565
0.0689655
0.166667
0.166667
0.107143
0.0384615
0.030303
0.0666667
0.0967742
0.08
0.0294118
0.0357143
0.125
0.137931
0.0740741
0.1875
0.09375
0.03125
0.151515
0.173913
0.172414
0.103448
0.178571
0.192308
0.0689655
0.346154
0.0344828
0.0740741
0.151515
0.107143
0.0344828
0.0833333
0.142857
0.0333333
0.09375
0.129032
0.115385
0.259259
0.1
0.0645161
0.172414
0.206897
0.137931
0.027027
0
0.111111
0.185185
0.0645161
0.241379
0.0769231
0
0.142857
0
0.193548
0.025641
0.08
0.166667
0.0357143
0.294118
0.103448
0.115385
0.03125
0.037037
0.178571
0.192308
0.142857
0.0740741
0.208333
0.37037
0.130435
0.111111
0.0714286
0.0344828
0.0967742
0.0869565
0.0344828
0.0714286
0.137931
0.16129
0.25
0.25
0.153846
0.0740741
0.2
0.0740741
0.037037
0.153846
0.178571
0.12
0
0.121212
0.0714286
0.0967742
0.103448
0.030303
0
0.111111
0.25
0.151515
0.0357143
0.103448
0.16
0.04
0.0357143
0.115385
0.09375
0.142857
0.111111
0.103448
0.037037
0.1
0.153846
0.129032
0.208333
0.0666667
0.185185
0.0967742
0.142857
0.178571
0.0294118
0
0.0882353
0.0294118
0.0344828
0.153846
0.0714286
0.0689655
0.0714286
0.205882
0.0689655
0.172414
0.25
0.103448
0.137931
0.185185
0.208333
0.0344828
0
0
0.269231
0.125
0.16129
0.2
0.241379
0.193548
0.0666667
0.142857
0.125
0.037037
0.12
0.037037
0.137931
0.0434783
0.2
0.172414
0.0322581
0.148148
0.103448
0.0322581
0.25
0.217391
0.133333
0.166667
0.03125
0.142857
0.0967742
0.1
0.0967742
0.172414
0.0740741
0.037037
0.142857
0.1
0.16129
0.030303
0.206897
0.142857
0.0384615
0.0384615
0.0689655
0.0714286
0.0333333
0.0909091
0.269231
0.125
0.0357143
0.0666667
0.0625
0.103448
0.103448
0.142857
0.1875
0.0645161
0.0909091
0.0967742
0.111111
0.125
0.148148
0.12
0.0384615
0.08
0.111111
0.0333333
0.16
0.153846
0.269231
0.16
0.107143
0.0689655
0.0740741
0.0384615
0.0322581
0.142857
0.0322581
0
0.2
0.0769231
0.166667
0.037037
0.153846
0.125
0.1875
0.0833333
0.2
0.0384615
0.111111
0.04
0.151515
0.1
0.166667
0
0.0769231
0.115385
0.107143
0.133333
0
0.030303
0.0666667
0.111111
0.0689655
0.1
0.16129
0.0357143
0.0357143
0.2
0.172414
0.0322581
0.2
0.0714286
0.147059
0.178571
0.0357143
0.111111
0
0.0666667
0.0714286
0
0.125
0.142857
0.0714286
0.0769231
0.206897
0.04
0.0434783
0.08
0.16129
0.133333
0.148148
0.133333
0
0.121212
0.03125
0
0.0909091
0.12
0.269231
0.269231
0.0689655
0.114286
0.222222
0.111111
0.0740741
0.0571429
0.117647
0.166667
0.391304
0.137931
0.148148
0.214286
0.0344828
0.103448
0.0333333
0.0967742
0.133333
0.0740741
0.142857
0.111111
0.130435
0.153846
0.222222
0.142857
0.148148
0.142857
0.142857
0.25
0.142857
0.0416667
0.21875
0.0967742
0.0645161
0.04
0.3
0.12
0.107143
0.09375
0.24
0.117647
0.148148
0.0625
0.192308
0
0.15625
0.185185
0.230769
0.125
0.0666667
0.0333333
0.185185
0.230769
0.125
0.0322581
0.142857
0.0645161
0.193548
0.037037
0
0.172414
0.115385
0.2
0.153846
0.107143
0
0.133333
0.107143
0.172414
0.133333
0.21875
0.129032
0.0625
0.16129
0
0.4
0.09375
0.147059
0
0.103448
0.0344828
0.130435
0.192308
0.166667
0.121212
0.09375
0.16
0.16
0.129032
0.0344828
0.0769231
0.142857
0.0357143
0.103448
0.192308
0.125
0.0645161
0.117647
0.181818
0.0666667
0.0588235
0.037037
0.16
0.103448
0.037037
0.0333333
0.16129
0.09375
0.166667
0.03125
0.0344828
0.206897
0.0714286
0.0689655
0.166667
0.230769
0.133333
0.0333333
0.178571
0.0714286
0.103448
0.142857
0.214286
0.0833333
0
0.171429
0.107143
0.1
0.0666667
0.0740741
0.111111
0.214286
0.296296
0.0689655
0.1
0.166667
0.2
0.310345
0.230769
0.0333333
0.16
0.03125
0
0.259259
0.148148
0.222222
0.266667
0.0666667
0.192308
0.0882353
0.0645161
0.0606061
0
0.125
0.0740741
0
0.09375
0.0333333
0.0322581
0.115385
0.0689655
0.103448
0.0689655
0
0.103448
0.0357143
0.1875
0.0384615
0.0285714
0.206897
0.115385
0.0625
0.333333
0.103448
0.0666667
0.0909091
0.0769231
0.185185
0.115385
0.137931
0.0666667
0.1
0
0.16129
0.107143
0.1
0.0606061
0.172414
0.037037
0.230769
0.0344828
0.172414
0.1875
0.0625
0.259259
0.0689655
0.0344828
0.166667
0.148148
0.0322581
0.103448
0.0357143
0.0454545
0.0714286
0.115385
0.03125
0.125
0.030303
0.259259
0.0357143
0.0714286
0.15625
0.12
0.142857
0.2
0.0606061
0.115385
0.172414
0.0357143
0.1
0.0625
0.166667
0.16129
0.166667
0.0333333
0.0645161
0.1
0.148148
0.08
0.03125
0.0740741
0.16129
0.030303
0.0294118
0.030303
0
0.115385
0.214286
0.133333
0.037037
0.16129
0.178571
0.0645161
0
0.0454545
0
0.0689655
0.115385
0.125
0.0333333
0.230769
0.0384615
0.037037
0.2
0.12
0.115385
0.0333333
0.121212
0.037037
0.153846
0.09375
0.0357143
0
0.222222
0.193548
0.0882353
0.2
0.0833333
0.0357143
0.0909091
0.103448
0.0588235
0.137931
0.111111
0
0.115385
0.137931
0.166667
0.117647
0.133333
0.115385
0.08
0.0666667
0.0434783
0.137931
0.214286
0.103448
0.0740741
0.030303
0.0294118
0.0769231
0.0357143
0.0526316
0.0666667
0.107143
0.166667
0.103448
0.0714286
0.259259
0.172414
0.0769231
0.28
0.0833333
0.0606061
0.0769231
0.0769231
0.0769231
0.2
0.208333
0.0769231
0.0967742
0.0333333
0.269231
0.111111
0.0666667
0.0571429
0.0333333
0.208333
0.15625
0.0344828
0.166667
0.103448
0.08
0.0769231
0.185185
0.16
0.151515
0.0666667
0.04
0.147059
0.285714
0.142857
0
0.166667
0.125
0.0357143
0.208333
0.172414
0.172414
0.115385
0.115385
0.0285714
0.111111
0.137931
0.0344828
0.1
0.037037
0.214286
0.178571
0.172414
0.25
0.15625
0.0277778
0.0833333
0.08
0.24
0.214286
0.0689655
0.0833333
0.153846
0.24
0.125
0.133333
0.0666667
0.111111
0.030303
0.0769231
0.357143
0.111111
0.142857
0.107143
0.0322581
0.125
0.0606061
0.0322581
0.193548
0.291667
0.03125
0.148148
0.269231
0
0.0645161
0.172414
0.115385
0.111111
0.148148
0.0769231
0.133333
0.1
0.193548
0.137931
0.08
0.125
0.030303
0.0666667
0.2
0.08
0.0344828
0.2
0.0666667
0
0.185185
0.275862
0
0.0588235
0.0645161
0.16129
0.0740741
0.133333
0.04
0.0857143
0.125
0.0967742
0.103448
0.133333
0.153846
0
0.147059
0.266667
0.148148
0.137931
0.153846
0.16
0.222222
0.1
0.166667
0
0.0344828
0.178571
0.153846
0.206897
0.142857
0.125
0.04
0.0645161
0.0689655
0.0344828
0.0666667
0.0357143
0.129032
0.233333
0.0357143
0.21875
0.115385
0.0333333
0.0689655
0.0909091
0.0645161
0
0.0909091
0.0740741
0.0666667
0.185185
0.037037
0.0344828
0.137931
0.107143
0.354839
0.166667
0.166667
0.103448
0.2
0.1
0.225806
0.04
0.0769231
0.09375
0.16129
0.176471
0.103448
0.0645161
0.16
0.130435
0.0588235
0.037037
0.0277778
0.181818
0.2
0.0606061
0.115385
0.0645161
0.172414
0.111111
0.0967742
0.115385
0.1
0.0740741
0.2
0.178571
0.0384615
0.107143
0.166667
0.178571
0
0.0344828
0.133333
0.12
0.142857
0.185185
0.0714286
0.09375
0.0967742
0.125
0.1
0.0625
0.117647
0.16
0.16129
0.142857
0.16129
0.25
0.037037
0.142857
0.178571
0.321429
0.258065
0.178571
0.0714286
0.0714286
0.206897
0.0344828
0.148148
0.133333
0.0869565
0.192308
0.0666667
0.0645161
0.137931
0.142857
0.0666667
0.0645161
0.0967742
0.166667
0.15625
0.0333333
0.16129
0.153846
0.130435
0
0.193548
0.192308
0.115385
0.185185
0.107143
0
0.129032
0.129032
0.166667
0.0967742
0.192308
0.0333333
0.2
0.12
0.137931
0.172414
0.0740741
0.166667
0.0625
0.0333333
0.192308
0.259259
0.178571
0.178571
0.103448
0.111111
0.0294118
0.0416667
0
0.111111
0.2
0.03125
0.03125
0.185185
0.0740741
0.178571
0.153846
0.178571
0.125
0.0571429
0.142857
0.129032
0
0.129032
0.15625
0.407407
0.291667
0.0882353
0.366667
0.206897
0.0689655
0.111111
0.178571
0.217391
0.0333333
0.0769231
0.153846
0.172414
0.166667
0.346154
0.192308
0.115385
0.0294118
0.285714
0.259259
0.103448
0.0833333
0.1
0.153846
0.172414
0.111111
0.09375
0.103448
0.0769231
0.125
0.107143
0
0.0333333
0.08
0.0571429
0.0344828
0.103448
0.16
0.111111
0.0384615
0.214286
0.153846
0.0714286
0.111111
0.16129
0
0.304348
0.130435
0.111111
0.137931
0.222222
0.0333333
0.107143
0.148148
0.0689655
0.16
0.291667
0.136364
0.142857
0.129032
0.16
0.0322581
0.0714286
0.08
0.0769231
0.08
0.206897
0.1
0.142857
0.0606061
0.0740741
0.151515
0.107143
0.111111
0.111111
0.103448
0.233333
0.0606061
0.0294118
0.0294118
0.172414
0.0571429
0.285714
0.0384615
0.153846
0.321429
0.0769231
0.0645161
0.0714286
0.12
0.0666667
0.2
0
0.193548
0.241379
0.133333
0.111111
0.0689655
0.1
0.0416667
0.192308
0.0645161
0.0645161
0.0714286
0.107143
0.16
0.103448
0.103448
0.241379
0.0322581
0.111111
0.16
0.0416667
0.0322581
0.0357143
0.0344828
0.230769
0.111111
0.259259
0.193548
0.130435
0.1
0.25
0.275862
0.185185
0.185185
0.0967742
0.0588235
0.285714
0.0277778
0.0277778
0.151515
0.111111
0.153846
0.111111
0.185185
0.333333
0.04
0.0714286
0
0.125
0.16
0.291667
0.0294118
0.153846
0.0357143
0.1
0.0666667
0.0714286
0.115385
0.0714286
0.153846
0.24
0.214286
0.137931
0.0344828
0.222222
0
0.148148
0.21875
0.0689655
0.0416667
0.037037
0.193548
0.125
0.178571
0.0689655
0.037037
0.0666667
0.04
0.0833333
0.4
0.103448
0.0294118
0.153846
0.103448
0.107143
0.166667
0.172414
0.037037
0.258065
0.111111
0.0666667
0.1875
0.0333333
0
0.3
0.0714286
0.0357143
0.178571
0.153846
0.03125
0.0833333
0
0.0857143
0
0.1
0.0967742
0.133333
0.142857
0.166667
0.0606061
0.121212
0.142857
0.148148
0.0384615
0.1
0.142857
0.0344828
0
0.0967742
0.206897
0.03125
0.26087
0.193548
0.0434783
0.1
0.0571429
0.0645161
0.136364
0.206897
0.147059
0.0344828
0.296296
0.08
0.225806
0.0909091
0
0.0357143
0.16
0.0689655
0.151515
0
0.222222
0.0322581
0.166667
0.166667
0.1
0.0645161
0.0384615
0
0.0689655
0.103448
0.178571
0.0333333
0.321429
0.0967742
0.275862
0.115385
0.0769231
0.1
0.04
0.125
0.148148
0.0689655
0.148148
0.147059
0.125
0.137931
0.0666667
0.0714286
0.115385
0.103448
0.172414
0.12
0.25
0.24
0.0625
0.142857
0.16129
0.185185
0.0666667
0.233333
0.185185
0.103448
0.212121
0.142857
0.0666667
0.129032
0.206897
0.107143
0.137931
0.137931
0.16129
0.103448
0.25
0.09375
0.030303
0.133333
0.307692
0.0714286
0
0.0909091
0.142857
0
0.103448
0.153846
0.0294118
0.111111
0.0645161
0.12
0.241379
0.0357143
0.0416667
0.0344828
0.0714286
0.137931
0.1875
0.12
0.0740741
0.185185
0.230769
0.0740741
0.1
0.214286
0.192308
0.111111
0.0333333
0.133333
0.125
0
0.166667
0.08
0.117647
0.0285714
0.103448
0.121212
0.192308
0.259259
0.259259
0.03125
0.111111
0.137931
0.0714286
0.114286
0.0571429
0.230769
0.0384615
0.222222
0
0.0555556
0.2
0.148148
0.0333333
0.125
0.1
0.230769
0.0967742
0.0625
0.2
0.111111
0.148148
0.153846
0.16129
0.296296
0.2
0.0357143
0.0714286
0.0666667
0.0882353
0.15625
0.0882353
0.103448
0.148148
0.0666667
0.0322581
0.0689655
0.0967742
0.233333
0.0740741
0.08
0.0344828
0.129032
0.107143
0.0740741
0.037037
0.107143
0.115385
0.0384615
0.0909091
0.0416667
0.0740741
0.0967742
0.0344828
0.24
0
0.0740741
0.142857
0.0344828
0
0.2
0.117647
0.166667
0.0714286
0.04
0.307692
0.125
0.193548
0.107143
0.192308
0.125
0.153846
0
0.185185
0.0666667
0.0384615
0.21875
0.16
0.0666667
0.16
0.0666667
0.133333
0.0384615
0.238095
0.103448
0.181818
0.148148
0.15625
0.117647
0.24
0.0333333
0.0689655
0.0833333
0.0322581
0.1
0
0.133333
0.0666667
0
0.222222
0.233333
0.133333
0.0571429
0.0344828
0.178571
0.153846
0.0740741
0.0689655
0.185185
0.137931
0.25
0.333333
0.0714286
0.115385
0.0689655
0.0714286
0.178571
0.0322581
0.0666667
0.222222
0.172414
0.107143
0.0882353
0.28
0.103448
0.103448
0.185185
0.115385
0.115385
0.125
0.115385
0.133333
0
0.166667
0.0645161
0.0909091
0.16129
0.142857
0.0810811
0.16
0.241379
0.0333333
0.0333333
0.0714286
0.09375
0.25
0.178571
0.25
0.178571
0.142857
0.111111
0.0322581
0.166667
0.0689655
0.172414
0.103448
0.16
0.103448
0.15625
0.15625
0.111111
0.0714286
0.103448
0.185185
0.178571
0.0322581
0.12
0.15625
0.107143
0.125
0.0333333
0.111111
0.0769231
0.0857143
0.0645161
0.0666667
0.0967742
0.0909091
0.1
0.230769
0.0689655
0.2
0.16
0.166667
0.185185
0.037037
0.107143
0.16
0.214286
0.125
0.0857143
0.133333
0.15625
0.04
0.107143
0
0.0357143
0.214286
0.0909091
0.166667
0
0.037037
0.26087
0.0333333
0.115385
0.166667
0.0769231
0.137931
0.09375
0
0.16129
0.148148
0.129032
0.25
0.09375
0.0666667
0.206897
0.125
0.0645161
0.0769231
0.107143
0.115385
0.121212
0.0967742
0.0645161
0.0740741
0.208333
0.222222
0.275862
0
0.130435
0.178571
0.12
0.275862
0.185185
0.137931
0.15625
0.153846
0.08
0.107143
0.103448
0.107143
0.148148
0.0645161
0.193548
0.111111
0.153846
0.12
0
0.166667
0.117647
0.166667
0.192308
0.1875
0.0344828
0.0666667
0.178571
0.0322581
0.2
0.115385
0.0285714
0.172414
0
0.1875
0.0740741
0.192308
0.115385
0.0333333
0.0625
0.0666667
0.16
0.153846
0.137931
0.0967742
0.193548
0.176471
0.08
0.185185
0.0666667
0.12
0.037037
0.172414
0.111111
0.25
0.25
0.0833333
0.0666667
0.103448
0.09375
0.0333333
0.0967742
0.08
0.0645161
0.185185
0.111111
0.166667
0.153846
0.185185
0.16
0.0606061
0.09375
0
0.0967742
0.025641
0.212121
0.0882353
0.0833333
0.0645161
0.08
0
0.133333
0.25
0.115385
0.125
0.0833333
0.28
0.09375
0.0909091
0.0588235
0
0.1
0.111111
0
0.230769
0.193548
0.178571
0.0333333
0.2
0.107143
0.12
0.16129
0.107143
0.4
0.129032
0.16
0.0333333
0.0769231
0.193548
0.125
0.129032
0.151515
0.275862
0.185185
0.178571
0.2
0.296296
0.222222
0.28
0.333333
0.178571
0.0810811
0.172414
0.0740741
0.125
0.142857
0.166667
0.0344828
0.0967742
0.0555556
0.25
0.142857
0.111111
0.192308
0.266667
0.178571
0.275862
0.0606061
0
0.03125
0.258065
0.030303
0.0689655
0.142857
0.0645161
0.08
0.192308
0.0606061
0.0588235
0.137931
0.25
0.115385
0.0967742
0.0645161
0.130435
0.222222
0
0.0689655
0.0384615
0.153846
0.137931
0.142857
0.0357143
0.115385
0.037037
0.148148
0.04
0.1
0.212121
0.103448
0.0666667
0.0714286
0.151515
0
0.0625
0.115385
0.0769231
0.153846
0.142857
0.107143
0.03125
0.133333
0.129032
0.0344828
0.185185
0.117647
0.0740741
0.0645161
0.172414
0.08
0.107143
0.0666667
0.166667
0.192308
0.111111
0.178571
0.0333333
0.0689655
0.172414
0.0689655
0.030303
0.137931
0.148148
0.103448
0.133333
0.0277778
0.137931
0.0384615
0.08
0.2
0.107143
0.48
0.0909091
0.25
0.25
0.185185
0.310345
0.178571
0.107143
0.09375
0.0645161
0.32
0.0789474
0.0689655
0.107143
0.0666667
0.0714286
0.166667
0.0689655
0.142857
0.0344828
0.129032
0.230769
0.0769231
0.103448
0.242424
0.16129
0.121212
0.0294118
0.0645161
0.0333333
0.16
0.133333
0.0869565
0.142857
0.185185
0.0833333
0.0294118
0.0333333
0.107143
0.129032
0.16
0.0416667
0.0416667
0.0833333
0.142857
0.1
0.0967742
0.0689655
0.0740741
0.133333
0.0333333
0.0645161
0.03125
0.16129
0.206897
0.0967742
0.1
0.107143
0.0357143
0.103448
0.129032
0.0357143
0.0740741
0.107143
0.107143
0.0384615
0.09375
0.0645161
0.0740741
0.133333
0.0967742
0.148148
0.137931
0.0740741
0.153846
0
0.107143
0.178571
0.172414
0.137931
0.103448
0.0666667
0.172414
0.0769231
0.0645161
0.153846
0.0714286
0.173913
0.0333333
0.107143
0.0625
0
0.153846
0.214286
0.137931
0.133333
0.0344828
0.030303
0.25
0.030303
0.12
0.0740741
0.103448
0.0967742
0.142857
0.16129
0.137931
0.0689655
0.08
0.148148
0.114286
0.0740741
0.137931
0.25
0
0.129032
0.241379
0.1
0.233333
0.107143
0.137931
0.185185
0.1
0.0689655
0.230769
0.0645161
0.0384615
0.0689655
0.0857143
0.137931
0.0645161
0.16129
0.148148
0.129032
0.133333
0.117647
0.307692
0.137931
0.0645161
0.153846
0.115385
0.148148
0
0.1
0.0606061
0.0384615
0.0967742
0.0344828
0.148148
0.0571429
0.111111
0.285714
0.222222
0.107143
0
0
0.1875
0.0857143
0.04
0.115385
0.0666667
0.214286
0.1
0.185185
0.0571429
0.0344828
0.125
0.03125
0.0967742
0.178571
0.030303
0.1
0.0967742
0.0833333
0.129032
0.193548
0.0714286
0.142857
0.107143
0.103448
0.176471
0.259259
0.16
0.0333333
0.214286
0.0666667
0.173913
0.222222
0.115385
0.111111
0.08
0.172414
0.111111
0.172414
0.0769231
0.0294118
0.147059
0.1
0.0689655
0.115385
0.153846
0.148148
0.172414
0.0333333
0.137931
0.16129
0.0571429
0.148148
0.222222
0.142857
0.111111
0.137931
0.133333
0.0357143
0.32
0.125
0.137931
0.125
0.0714286
0.28
0.185185
0.0909091
0.16129
0.15625
0.0322581
0.0625
0.08
0.0714286
0.0645161
0.12
0.205882
0.142857
0.16
0.137931
0.03125
0.111111
0.0666667
0.08
0.125
0.107143
0.137931
0.0666667
0.25
0.04
0.0869565
0.16
0.08
0.206897
0.0333333
0.241379
0.137931
0.172414
0.12
0.208333
0.0952381
0.107143
0.142857
0.0740741
0.0333333
0.16129
0.137931
0.172414
0.0645161
0.133333
0.111111
0.121212
0.296296
0.26087
0.0689655
0.21875
0.346154
0.148148
0.0689655
0.133333
0.107143
0.24
0.153846
0.185185
0.0333333
0.0769231
0.107143
0.0833333
0.172414
0.296296
0.307692
0.0769231
0.172414
0.285714
0.166667
0.166667
0.28
0.0571429
0.125
0.103448
0
0.148148
0
0.0740741
0.129032
0.0357143
0.0882353
0.125
0.103448
0.09375
0.03125
0.103448
0.0689655
0.0384615
0.0740741
0.0434783
0.2
0.137931
0.0571429
0.0689655
0.0689655
0.130435
0.166667
0.142857
0.103448
0.0322581
0.121212
0.24
0.115385
0.0606061
0.0645161
0.0344828
0.148148
0.1
0.111111
0.129032
0.08
0.166667
0.185185
0.148148
0.0357143
0.137931
0.259259
0.12
0.137931
0
0.0666667
0.166667
0.24
0.148148
0.137931
0.1
0.03125
0.153846
0.103448
0.0869565
0.0769231
0.185185
0.25
0.153846
0
0.0714286
0.09375
0.0645161
0.037037
0.16129
0.32
0.0357143
0.2
0.0625
0.0322581
0
0.166667
0.0645161
0.0333333
0.285714
0.233333
0.111111
0.115385
0.142857
0.4
0.09375
0.0882353
0.0645161
0.212121
0.0666667
0.137931
0.222222
0.129032
0.181818
0.0344828
0.1
0.0666667
0.115385
0.107143
0.206897
0.241379
0.103448
0.0333333
0.103448
0.241379
0.125
0.233333
0.0344828
0.185185
0.107143
0.0857143
0.166667
0.230769
0.193548
0.153846
0.0416667
0.12
0.233333
0.242424
0.08
0.192308
0.0689655
0.16129
0.133333
0.125
0.208333
0.125
0.03125
0.115385
0.166667
0.222222
0.103448
0.111111
0.0384615
0.166667
0.192308
0.233333
0.230769
0.285714
0.15625
0.107143
0.233333
0.0645161
0.111111
0.166667
0.181818
0.129032
0.0322581
0.166667
0.0967742
0.037037
0.192308
0.16
0
0.2
0.0689655
0.0769231
0.166667
0.0769231
0.172414
0.09375
0.111111
0.1
0.115385
0.121212
0.0967742
0.04
0.192308
0.0357143
0.107143
0.0666667
0.111111
0.111111
0.178571
0.0740741
0.172414
0.0967742
0.192308
0.0333333
0.1875
0.0714286
0.0666667
0.0285714
0.0344828
0.0740741
0.0666667
0.03125
0.0882353
0.111111
0.172414
0.0666667
0.129032
0.0714286
0.0357143
0.03125
0.16
0.212121
0.133333
0.16129
0.0714286
0.0666667
0.0666667
0.0769231
0.166667
0.266667
0.214286
0.192308
0.115385
0.0769231
0.137931
0.1
0.142857
0.0740741
0.24
0.148148
0.172414
0.0645161
0.36
0.0967742
0
0.0666667
0.0384615
0.142857
0.206897
0.0869565
0.129032
0.2
0.142857
0.269231
0.2
0.185185
0.0357143
0.0967742
0.0625
0.0714286
0.0588235
0.0384615
0.0967742
0.0714286
0
0.0357143
0.0625
0.129032
0.133333
0.0645161
0.214286
0.133333
0
0.21875
0.0689655
0.2
0.0714286
0.0909091
0.185185
0.0967742
0.0666667
0.225806
0.1
0.0967742
0.125
0.172414
0.115385
0.193548
0.16
0.153846
0.151515
0
0.153846
0.230769
0.296296
0.214286
0.0882353
0
0.16
0.111111
0.08
0.0571429
0.0294118
0.115385
0.16
0.0689655
0.037037
0
0.206897
0.0322581
0.185185
0.0625
0.0769231
0.129032
0.172414
0.08
0.0714286
0.0625
0
0.0645161
0.111111
0.0714286
0.0909091
0.0333333
0.230769
0.125
0.214286
0.0666667
0.15625
0
0.269231
0.0714286
0.296296
0.16129
0.111111
0.12
0.137931
0.107143
0.16
0.166667
--UNF_QUERIES_END--
--F_QUERIES--
1
1
1
0
1
1
1
1
1
1
1
1
1
1
1
1
1
1
1
1
1
1
1
1
1
1
1
1
1
1
1
1
1
1
1
1
1
1
1
1
1
1
1
1
1
1
1
1
1
1
1
1
1
1
1
1
1
1
1
1
1
1
1
1
1
1
1
1
1
1
1
1
1
1
1
1
1
1
1
1
1
0
1
1
1
1
1
1
1
1
1
1
1
1
1
1
1
1
1
1
1
1
1
1
1
1
1
1
1
1
1
1
1
0
1
1
1
1
1
0
1
1
1
1
1
1
1
1
1
1
0
1
1
1
1
1
1
1
1
1
1
1
1
1
1
1
1
1
1
1
1
0
1
1
1
1
1
0
1
1
1
1
1
1
1
1
1
1
1
1
1
1
1
1
1
1
1
1
1
1
1
1
1
1
1
1
1
1
1
1
1
1
1
1
1
0
1
1
1
1
1
1
1
1
1
0
1
1
1
1
1
1
1
1
1
1
1
1
1
1
1
1
1
1
1
1
1
1
1
1
1
1
1
1
1
1
1
1
1
1
1
1
1
1
1
1
1
1
1
1
1
1
1
1
1
1
1
1
1
1
0
1
1
1
0
1
1
1
1
1
1
1
1
1
1
1
1
1
1
1
1
1
1
1
1
1
1
1
1
0
1
1
1
1
1
1
1
1
1
1
1
1
1
1
1
1
1
1
1
1
1
1
1
1
1
1
1
1
1
1
1
1
1
1
1
1
1
1
1
1
1
1
1
1
1
1
1
1
1
1
1
1
1
1
1
1
1
1
1
1
1
1
1
1
1
1
1
1
1
1
1
1
1
1
0
1
1
0
1
1
1
1
1
1
1
1
1
1
1
1
1
1
1
1
1
1
1
1
1
1
1
1
0
1
1
1
1
1
1
1
1
1
1
1
1
1
1
1
1
1
1
1
1
1
1
1
1
1
1
1
0
1
1
1
1
1
1
1
1
1
1
1
1
1
1
1
1
0
1
1
1
1
1
1
1
1
1
1
1
1
1
1
1
1
1
1
1
1
1
1
1
1
0
1
1
1
1
1
1
1
1
1
1
1
1
1
1
1
1
0
1
1
1
1
1
0
1
1
1
1
1
1
1
1
1
1
1
0
1
1
1
1
1
1
1
1
1
1
1
1
1
1
1
1
1
1
1
1
1
1
1
0
1
1
1
1
1
1
1
1
1
1
1
1
1
1
1
1
1
1
1
1
1
1
1
1
1
1
1
1
1
1
1
1
1
1
1
1
1
1
1
1
1
1
1
1
1
1
1
1
1
1
1
1
1
1
1
1
1
1
1
1
1
1
1
1
1
1
0
1
1
1
1
1
1
1
1
1
1
1
1
1
1
1
1
1
1
1
1
1
1
1
1
1
1
1
1
1
1
1
1
1
1
1
1
1
1
1
1
1
1
1
1
1
1
1
1
1
1
1
1
1
1
1
1
1
1
1
1
1
1
1
1
1
1
1
1
1
0
1
1
1
1
1
1
1
1
1
1
1
1
1
1
1
1
1
1
1
1
1
1
1
1
1
1
1
1
1
1
1
1
1
1
1
1
1
1
1
1
1
1
1
1
1
1
1
1
1
1
0
1
1
1
1
1
1
1
1
1
1
1
1
1
1
0
1
1
1
1
1
1
1
1
1
1
1
1
1
1
1
1
1
1
1
1
0
1
1
1
1
1
1
1
1
1
1
1
1
1
1
1
1
1
1
1
1
1
1
1
1
1
1
1
1
1
0
1
1
1
1
1
1
1
1
1
1
1
1
1
1
1
1
1
1
1
1
1
1
1
1
1
1
1
0
1
1
1
1
1
1
1
1
1
1
1
0
1
1
1
1
1
1
1
1
1
1
1
1
1
1
1
1
1
1
1
1
1
1
1
0
1
1
1
1
1
1
1
1
1
1
1
1
1
1
1
1
1
1
1
1
1
1
1
1
1
1
1
1
1
1
1
1
1
1
1
1
1
1
1
1
1
1
1
1
1
1
1
1
1
1
1
0
1
1
1
1
1
1
1
1
1
1
1
1
1
0
1
1
1
1
1
1
1
1
1
1
1
1
1
1
1
1
1
1
1
1
1
1
1
1
1
1
1
1
1
1
1
1
1
1
1
1
1
1
1
1
1
1
1
1
1
0
1
1
1
1
1
1
1
1
1
1
1
1
1
1
1
1
1
1
1
1
1
1
1
1
1
1
1
1
1
1
1
1
1
1
1
1
1
1
1
1
1
1
1
1
1
1
1
1
1
1
1
1
1
1
1
1
1
1
1
1
1
1
1
1
1
1
1
1
1
0
1
1
1
1
1
1
1
1
1
1
1
1
1
1
1
1
1
1
1
1
1
1
1
1
1
1
1
0
1
1
1
1
1
1
1
1
1
1
1
1
1
1
1
1
1
1
1
1
1
1
1
1
1
1
1
1
1
1
1
1
1
1
1
0
0
1
1
1
1
1
1
1
0
1
1
1
1
1
0
1
1
1
1
1
1
1
1
1
1
1
1
1
1
1
1
1
1
1
1
1
1
1
1
1
1
1
1
1
1
1
1
1
1
1
1
1
1
1
1
1
1
1
1
1
1
1
1
1
1
1
1
1
1
1
1
1
1
1
1
1
1
1
1
1
1
1
0
1
1
1
1
1
1
0
1
1
1
1
1
1
1
1
1
0
1
1
1
1
1
1
1
1
1
1
1
1
1
1
1
1
1
1
1
1
1
1
1
1
1
1
1
1
1
1
1
1
1
1
1
1
1
0
1
1
1
1
1
1
1
1
1
1
0
1
1
1
1
1
1
1
1
1
1
1
1
1
1
1
1
1
1
1
1
1
1
1
1
1
1
1
1
1
1
1
1
1
1
1
1
1
1
1
1
1
1
1
1
1
1
1
1
0
1
1
1
1
1
0
1
1
1
1
1
1
1
1
1
1
1
1
0
1
1
1
1
1
1
1
1
1
1
1
1
1
1
1
1
1
1
1
1
1
1
1
1
1
1
1
1
1
1
1
1
1
1
1
1
1
1
1
1
1
1
1
1
1
1
1
1
1
1
0
0
1
1
1
1
1
1
1
1
0
1
1
1
1
0
1
1
1
1
1
1
1
1
1
1
1
1
1
1
1
0
1
1
1
1
1
1
1
1
1
1
1
1
1
1
1
1
1
1
1
1
1
1
1
1
1
1
1
1
1
1
1
1
1
1
1
1
1
1
1
1
1
1
1
1
0
1
1
1
1
1
1
1
1
1
0
1
1
1
1
1
1
1
1
1
1
1
1
1
1
1
1
1
1
1
1
1
1
1
1
1
1
1
1
1
0
1
1
1
1
1
1
1
1
1
1
1
1
1
1
1
1
1
1
1
1
1
1
1
1
1
1
1
1
1
1
1
1
1
0
1
1
1
1
1
1
1
1
1
1
1
1
1
1
1
1
1
1
0
1
1
0
1
1
1
1
1
1
1
1
1
1
1
1
1
0
1
1
1
1
1
0
1
1
1
1
1
1
1
1
1
1
1
1
1
1
1
1
1
0
1
1
1
1
1
1
1
1
1
1
1
1
1
0
1
1
1
1
1
1
1
1
1
1
1
1
1
1
1
1
1
1
1
1
1
1
1
1
0
1
1
1
1
1
1
1
1
1
1
1
1
1
1
1
1
1
1
1
1
1
1
1
1
1
1
1
1
1
1
1
1
1
1
1
1
1
1
1
1
1
1
1
1
1
1
1
1
1
1
1
1
1
1
1
1
1
1
1
1
1
1
1
1
1
1
1
1
1
1
1
1
1
1
1
1
0
1
1
1
1
1
1
1
1
1
1
1
1
1
1
1
1
1
1
1
1
1
1
1
1
1
1
1
1
1
1
1
1
1
1
1
1
1
1
1
1
1
1
1
1
1
1
0
1
1
1
1
1
1
1
1
0
1
1
1
1
1
1
1
1
1
1
1
1
1
1
1
1
1
1
1
1
1
1
1
1
1
1
1
1
1
1
1
1
1
1
1
1
1
1
1
0
1
1
1
1
1
1
1
1
1
0
1
1
1
1
1
1
1
1
1
1
1
1
1
1
1
1
1
1
0
1
1
1
1
1
1
1
0
1
1
1
1
1
0
1
1
1
1
1
0
1
1
1
1
0
1
1
0
1
1
1
1
1
1
1
1
1
1
1
1
1
1
1
1
1
1
1
1
1
1
1
1
1
1
1
1
1
1
1
1
1
1
1
1
1
1
1
1
0
1
1
1
1
1
1
1
1
1
1
1
1
0
1
1
1
1
1
1
1
1
1
1
1
1
1
1
1
1
1
1
1
1
1
1
1
1
1
1
1
1
1
1
1
1
1
0
1
1
1
1
1
0
1
1
1
1
1
1
1
1
1
1
1
1
1
1
1
1
1
1
1
1
1
1
0
1
1
1
0
1
1
1
1
1
1
1
1
1
1
1
1
1
1
1
1
0
1
1
1
1
1
1
1
1
1
1
1
1
1
1
1
1
1
0
1
1
1
1
1
1
1
1
1
1
1
1
1
1
1
1
1
1
1
1
1
1
1
1
1
1
1
1
1
1
1
1
1
1
1
1
1
1
1
1
1
1
1
1
1
1
1
1
1
1
1
1
1
1
1
1
1
0
1
1
1
1
1
1
1
1
1
1
1
1
0
1
1
1
1
1
1
1
1
1
1
1
1
1
1
1
1
1
1
1
1
1
1
1
1
1
1
1
1
1
1
1
1
1
1
1
1
1
1
1
0
1
1
1
1
0
1
1
1
1
1
1
1
1
1
1
1
0
1
1
1
1
1
1
0
1
1
1
1
1
1
1
1
1
1
1
1
1
1
1
1
1
1
1
1
1
1
1
1
1
1
1
1
1
1
1
1
1
1
1
1
1
1
1
1
1
1
1
1
1
1
1
1
1
1
0
1
1
1
1
1
1
1
1
1
1
1
1
1
1
1
1
1
1
1
1
1
0
0
1
1
1
1
1
0
1
1
1
1
1
1
1
1
1
1
1
1
1
1
1
1
1
1
1
1
1
1
1
1
1
1
1
1
1
0
1
1
1
1
1
1
1
1
1
1
0
1
1
1
0
1
1
1
1
1
1
1
1
1
1
1
1
0
1
1
1
1
1
1
1
1
1
1
1
1
1
1
1
1
1
1
1
1
1
1
1
1
1
0
1
1
1
1
1
1
1
1
1
1
1
1
1
1
1
1
1
1
1
1
1
1
1
1
1
1
1
1
1
1
1
1
1
1
1
1
1
1
1
1
1
1
1
0
1
1
1
1
1
1
1
1
1
1
1
0
1
1
1
1
1
1
1
1
1
1
0
1
1
1
1
1
1
1
1
0
1
1
1
1
1
1
1
1
1
1
1
1
1
0
1
1
1
1
1
1
1
1
1
1
1
1
1
1
1
1
1
1
1
1
1
1
1
1
1
1
1
1
1
1
1
1
1
1
1
1
1
1
1
1
1
0
1
1
1
0
1
1
1
1
1
1
1
1
1
1
1
1
1
1
1
1
1
1
1
1
1
1
0
1
1
1
1
1
1
1
1
1
1
1
1
1
1
1
1
1
1
1
1
1
1
1
1
1
1
1
1
1
0
1
1
0
1
1
1
1
1
1
1
1
1
1
1
1
1
1
1
1
--F_QUERIES_END--
Time to query the index (unfiltered): 00:00:01.934'718
Average recall score for unfiltered queries: 0.11948
Time to query the index (filtered): 00:00:00.294'963
Average recall score for filtered queries: 0.956731
