./bin/main --filtered --stat --dummy -n_threads 26 -distance 1 --pqueue -extra_edges 15 
Number of threads: 26
Indexing Type: FILTERED_VAMANA
k: 100
L: 100
R: 14
a: 1
threshold: 0.5
Number of extra random edges: 15
Unfiltered
Filtered
Using priority queue
Time to create the index: 00:00:05.426'392
Number of edges: 250891
--UNF_QUERIES--
0.64
1
1
1
1
0.895833
1
1
1
1
1
1
1
1
1
1
1
1
1
0.957447
1
1
1
1
1
1
1
1
1
1
1
0.742857
1
1
1
1
1
1
1
1
1
1
1
1
0.792453
1
1
1
1
1
1
1
1
1
1
1
1
0.72093
1
1
1
1
1
1
1
1
1
0.955556
0.75
1
1
1
1
1
1
1
1
1
0.883721
1
1
0.972973
1
1
1
1
1
1
1
1
1
1
1
1
1
1
1
1
1
1
1
1
1
1
1
0.666667
1
1
1
1
1
1
1
1
1
1
1
1
0.75
1
1
1
1
1
1
1
0.891892
1
1
1
1
1
1
1
1
1
1
1
1
1
1
1
1
1
1
0.98
1
1
1
1
1
1
1
1
1
1
1
1
1
1
1
1
1
1
1
1
0.931035
1
1
1
1
1
1
1
1
1
1
1
1
1
1
1
1
0.969697
1
1
1
0.957447
0.8
0.962264
1
1
1
0.970588
1
1
1
1
1
0.979167
1
1
1
1
1
1
1
1
1
1
0.933333
1
1
1
1
1
1
1
1
1
1
1
1
1
0.971429
1
1
1
1
1
1
1
0.807692
1
1
1
1
0.953488
1
1
0.913043
1
1
1
1
1
1
1
1
1
1
1
1
1
1
1
1
1
1
1
0.925
1
1
1
1
1
1
1
1
1
1
1
0.85
1
1
1
1
1
1
1
1
1
1
0.93617
1
1
1
1
1
1
1
1
1
1
1
1
0.933333
0.877551
1
1
1
1
1
1
1
0.878788
0.675
1
1
1
1
1
1
1
1
0.863636
0.921053
1
1
1
1
1
1
1
1
1
1
1
1
0.978723
1
1
1
0.813953
1
1
1
1
1
0.8
1
1
1
1
1
1
1
1
1
0.866667
1
1
0.738095
1
1
1
1
1
1
1
0.897436
1
1
1
1
1
1
1
0.75
1
1
0.877551
1
1
1
0.903226
1
1
1
1
1
1
1
1
1
1
1
1
1
1
1
1
1
1
1
1
1
1
1
1
1
1
1
1
1
1
1
1
1
1
1
1
1
1
1
1
1
1
1
1
1
0.854167
1
1
1
1
1
1
1
1
1
1
1
1
1
1
1
1
1
1
1
1
1
1
1
1
1
1
1
1
1
1
1
1
1
1
1
1
1
1
1
1
1
0.955556
0.891304
1
1
1
1
1
1
1
1
1
1
1
1
1
1
1
1
1
1
1
1
1
1
1
1
1
1
1
1
1
1
1
1
1
1
1
1
1
1
1
1
1
1
1
1
1
1
0.901961
1
0.871795
1
1
1
0.818182
1
1
1
1
1
1
1
1
1
1
1
1
1
1
1
1
1
1
1
1
1
1
1
1
1
1
1
1
1
0.88
1
1
1
1
0.967742
1
1
1
1
1
1
0.666667
1
1
1
1
0.891892
1
0.870968
1
1
0.813953
1
1
1
0.916667
1
1
1
1
1
1
1
1
1
1
1
1
0.777778
1
0.918367
1
1
1
1
1
0.852941
1
1
1
1
1
1
1
1
1
1
1
1
1
1
1
1
1
1
0.939394
1
1
1
1
1
1
1
1
1
1
1
1
1
1
1
1
1
1
1
1
0.754717
1
1
1
1
1
1
1
1
1
1
1
1
1
1
1
1
1
1
1
1
1
0.775
1
1
1
1
1
1
1
1
1
1
1
0.93617
1
1
1
1
1
0.903226
1
1
1
1
1
1
1
1
1
1
1
1
1
1
1
1
1
1
1
0.93617
1
1
1
1
1
1
1
1
1
1
1
0.9
1
1
1
1
1
1
1
1
1
1
0.925
1
1
1
1
1
1
1
0.770833
1
1
1
1
1
1
1
1
1
1
1
1
1
1
1
1
1
1
1
0.943396
1
1
1
1
1
1
1
1
1
1
1
1
0.847826
1
1
1
1
1
1
1
1
1
1
1
1
0.843137
1
0.880952
1
1
1
1
1
1
1
1
1
1
1
1
1
1
1
1
1
1
1
1
1
1
1
1
1
1
1
1
1
1
1
0.846154
1
1
1
1
1
1
1
1
1
1
1
1
1
1
1
0.738095
1
0.813953
1
1
0.888889
1
1
0.972973
1
1
1
0.909091
1
0.911111
1
1
1
1
1
1
1
1
1
1
1
1
1
1
1
1
1
0.961538
1
1
1
1
1
1
1
1
1
1
1
1
1
1
1
1
1
1
0.833333
1
1
1
1
1
1
1
1
1
1
1
1
1
1
1
1
1
1
1
1
1
1
1
1
1
1
0.733333
1
1
1
1
1
1
1
1
1
1
1
1
1
1
1
1
1
1
1
1
1
1
1
1
1
1
1
1
1
1
1
1
1
0.837838
1
1
1
1
1
1
1
1
1
1
0.820513
1
1
1
1
1
1
1
1
1
1
1
1
1
1
1
1
1
0.934783
1
1
1
1
1
1
1
1
1
1
1
1
0.75
0.869565
1
1
1
1
1
0.931818
1
1
1
1
1
1
1
1
1
1
1
1
1
1
1
1
0.914894
1
1
0.978261
1
1
1
1
1
1
1
1
1
1
1
1
1
1
1
1
1
0.916667
1
1
1
1
1
1
1
1
1
1
1
0.863636
1
1
1
1
1
1
1
1
1
1
1
0.962264
1
1
0.742857
1
1
1
1
1
1
1
1
1
1
1
1
1
1
0.795455
1
1
1
1
0.931818
1
1
1
1
1
1
1
1
1
1
1
1
1
1
1
1
1
1
1
1
1
1
1
1
0.891304
1
1
1
1
1
1
1
1
1
1
1
1
1
1
1
1
1
1
1
1
1
1
1
1
1
1
1
1
1
1
1
1
1
1
1
1
1
0.947368
0.789474
0.942857
0.722222
0.954545
0.893617
1
1
0.866667
1
1
0.952381
1
1
0.863636
1
1
1
1
1
1
1
1
1
1
1
1
1
1
0.894737
1
1
1
1
1
1
1
1
1
1
1
1
1
1
1
0.837209
1
1
1
1
1
1
1
1
1
1
1
1
1
1
1
1
1
1
1
1
1
1
1
1
1
1
1
1
1
1
1
1
1
1
1
1
0.791667
1
1
1
1
0.826923
1
1
1
1
1
1
1
1
1
1
1
1
1
1
1
1
1
1
1
1
1
1
1
1
1
1
0.954545
1
1
1
1
1
1
1
1
1
1
1
1
0.8
0.857143
1
1
1
1
1
0.805556
1
0.895833
1
0.804878
1
0.891304
1
1
1
1
1
1
1
1
1
1
1
1
0.954545
1
1
1
1
0.9375
1
1
0.833333
1
1
1
0.714286
1
1
1
1
0.909091
1
1
1
1
1
1
1
1
1
1
1
1
1
1
1
1
1
0.974359
1
1
1
1
1
1
1
1
1
1
1
1
1
1
1
1
1
1
0.785714
1
0.894737
0.875
1
1
1
1
1
1
1
1
1
1
1
1
1
1
0.891304
1
1
1
1
1
1
0.8125
1
1
1
1
1
1
1
1
1
0.933333
1
1
1
1
1
1
0.860465
1
1
0.888889
1
1
1
1
1
1
1
1
1
1
1
1
1
1
1
1
0.787879
1
1
1
1
1
1
1
1
1
1
1
1
1
1
1
0.675676
1
1
1
1
1
1
1
1
0.933333
1
0.870968
1
1
1
1
1
1
1
1
1
1
1
1
1
1
1
1
1
1
1
1
0.837838
1
1
1
1
0.926829
1
1
1
1
1
1
1
1
1
1
1
0.958333
1
1
1
1
0.973684
1
1
1
1
1
0.979167
0.895833
1
1
0.955556
1
1
1
1
1
1
1
1
1
1
1
1
1
1
1
1
1
1
1
1
1
0.55814
1
1
1
1
1
1
1
1
1
1
1
0.97561
1
1
1
1
1
1
1
1
1
1
1
1
1
1
1
1
1
1
0.979167
1
1
1
1
1
1
1
1
1
1
0.947368
1
1
1
0.86
1
1
1
1
1
1
1
1
1
1
1
0.957447
1
1
1
1
1
1
1
1
0.823529
1
1
0.960784
1
1
1
1
1
1
1
1
1
1
1
1
1
1
1
1
1
1
1
1
1
1
1
1
1
1
1
1
1
1
1
1
1
1
1
1
1
1
1
0.979592
1
1
0.763158
0.957447
1
1
1
1
1
1
1
1
1
1
1
1
1
1
1
1
1
1
1
1
1
1
1
1
1
1
1
1
1
1
1
1
1
1
1
1
1
1
1
1
1
1
1
1
1
0.886364
1
1
1
0.5
1
1
0.617021
1
1
1
1
1
1
1
1
1
1
0.880952
1
1
1
0.875
1
1
1
1
1
1
1
0.9375
1
1
1
1
1
1
1
1
1
1
1
1
1
1
1
1
1
1
1
1
1
1
1
1
1
1
1
1
0.979592
1
1
1
1
1
1
1
1
1
1
1
0.809524
1
0.961538
1
1
1
1
1
1
1
1
1
1
1
0.688889
1
1
1
1
1
1
1
1
1
1
1
1
1
1
1
1
1
1
1
1
1
1
1
1
1
1
1
1
1
0.829268
1
1
1
1
1
1
1
1
1
1
1
1
1
1
1
1
1
1
1
1
1
1
1
1
1
1
1
1
1
1
1
1
1
1
1
1
1
1
1
1
1
1
1
1
0.933333
1
1
1
1
1
0.977778
0.931818
1
0.934783
1
1
1
0.785714
1
1
1
1
1
1
1
1
1
1
1
1
1
0.928571
1
1
1
1
1
0.975
1
1
1
1
1
1
1
1
1
1
1
1
1
1
1
1
1
1
1
1
1
1
1
1
1
1
1
1
1
1
1
1
1
1
1
1
1
1
1
0.961538
1
1
1
1
1
1
1
1
1
1
0.74
0.918367
1
1
1
1
0.954545
1
1
1
1
0.923077
1
1
0.837209
1
1
1
1
1
1
1
1
1
1
1
1
1
1
1
1
1
1
1
1
1
1
1
1
1
1
1
1
1
1
1
1
1
1
1
1
1
0.96
1
1
0.842105
1
1
0.906977
0.9
0.904762
1
1
1
1
1
0.72973
1
1
1
1
1
1
1
1
1
0.945946
0.970588
1
1
1
1
1
1
1
1
1
1
1
1
0.795918
1
1
1
1
1
1
1
1
1
1
1
1
1
1
1
1
1
1
0.829787
1
1
1
1
1
1
1
1
0.604651
1
1
1
0.982143
1
1
1
1
1
1
1
1
1
1
1
1
1
1
1
1
1
0.930233
1
1
0.791667
1
1
1
1
0.956522
1
1
1
1
1
1
1
1
1
1
1
1
1
1
1
1
0.931035
1
1
1
1
0.967742
1
1
1
1
0.916667
1
1
1
1
1
1
1
1
1
1
0.901961
1
1
1
0.833333
1
1
1
1
1
1
1
1
1
1
1
0.714286
1
1
0.848485
1
1
1
1
1
1
0.916667
1
1
1
1
1
1
1
1
1
1
1
1
1
1
1
1
1
1
1
1
1
1
1
1
1
1
1
1
1
1
1
1
0.666667
1
1
1
1
1
1
1
1
1
1
1
1
1
1
1
1
0.957447
1
1
1
1
0.844444
1
1
1
1
0.981132
1
1
1
1
1
0.970588
1
1
1
1
1
1
1
1
1
1
1
1
1
1
1
1
1
1
1
1
0.714286
1
1
1
1
1
1
1
1
1
1
1
1
1
1
1
1
1
1
0.756098
1
1
1
1
1
1
1
1
1
1
1
1
1
1
1
1
1
1
1
1
1
1
1
1
1
1
1
1
0.955556
1
1
1
1
1
1
1
1
1
1
1
1
1
1
1
1
1
1
1
1
1
1
1
1
1
1
1
1
1
1
1
1
0.853659
1
0.584906
1
0.803922
0.918367
1
1
0.685714
1
1
1
0.698113
1
1
1
0.930233
1
1
1
0.744681
1
1
1
1
1
1
1
1
1
1
1
1
1
1
1
1
1
0.763158
1
1
0.971429
1
1
1
1
1
1
1
1
1
1
1
0.8
1
0.857143
1
1
1
1
1
1
1
1
1
1
1
1
1
1
1
1
1
1
1
1
1
1
1
1
1
1
1
1
1
1
1
1
1
1
1
0.938776
1
1
1
0.854167
1
1
1
1
1
1
0.861111
0.96
1
1
1
1
1
1
1
1
1
1
1
1
0.941176
1
1
0.659574
1
1
1
1
1
1
1
1
1
1
0.818182
1
1
1
1
1
1
1
1
1
1
1
1
1
1
1
1
1
1
1
1
0.75
1
1
1
1
1
1
0.94
1
1
1
1
1
1
1
1
1
1
1
1
1
0.833333
1
1
1
1
1
0.722222
1
1
0.891304
1
1
1
1
1
0.926829
1
1
1
1
1
1
1
1
1
1
1
1
1
1
0.891892
1
0.909091
1
1
1
1
1
1
1
1
1
1
1
1
0.6875
1
1
1
1
0.97619
1
1
1
1
1
1
1
1
--UNF_QUERIES_END--
--F_QUERIES--
1
1
1
0
1
1
1
1
1
1
1
1
1
1
1
1
1
1
1
1
1
1
1
1
1
1
1
1
1
1
1
1
1
1
1
1
1
1
1
1
1
1
1
1
1
1
1
1
1
1
1
1
1
1
1
1
1
1
1
1
1
1
1
1
1
1
1
1
1
1
1
1
1
1
1
1
1
1
1
1
1
0
1
1
1
1
1
1
1
1
1
1
1
1
1
1
1
1
1
1
1
1
1
1
1
1
1
1
1
1
1
1
1
0
1
1
1
1
1
0
1
1
1
1
1
1
1
1
1
1
0
1
1
1
1
1
1
1
1
1
1
1
1
1
1
1
1
1
1
1
1
0
1
1
1
1
1
0
1
1
1
1
1
1
1
1
1
1
1
1
1
1
1
1
1
1
1
1
1
1
1
1
1
1
1
1
1
1
1
1
1
1
1
1
1
0
1
1
1
1
1
1
1
1
1
0
1
1
1
1
1
1
1
1
1
1
1
1
1
1
1
1
1
1
1
1
1
1
1
1
1
1
1
1
1
1
1
1
1
1
1
1
1
1
1
1
1
1
1
1
1
1
1
1
1
1
1
1
1
1
0
1
1
1
0
1
1
1
1
1
1
1
1
1
1
1
1
1
1
1
1
1
1
1
1
1
1
1
1
0
1
1
1
1
1
1
1
1
1
1
1
1
1
1
1
1
1
1
1
1
1
1
1
1
1
1
1
1
1
1
1
1
1
1
1
1
1
1
1
1
1
1
1
1
1
1
1
1
1
1
1
1
1
1
1
1
1
1
1
1
1
1
1
1
1
1
1
1
1
1
1
1
1
1
0
1
1
0
1
1
1
1
1
1
1
1
1
1
1
1
1
1
1
1
1
1
1
1
1
1
1
1
0
1
1
1
1
1
1
1
1
1
1
1
1
1
1
1
1
1
1
1
1
1
1
1
1
1
1
1
0
1
1
1
1
1
1
1
1
1
1
1
1
1
1
1
1
0
1
1
1
1
1
1
1
1
1
1
1
1
1
1
1
1
1
1
1
1
1
1
1
1
0
1
1
1
1
1
1
1
1
1
1
1
1
1
1
1
1
0
1
1
1
1
1
0
1
1
1
1
1
1
1
1
1
1
1
0
1
1
1
1
1
1
1
1
1
1
1
1
1
1
1
1
1
1
1
1
1
1
1
0
1
1
1
1
1
1
1
1
1
1
1
1
1
1
1
1
1
1
1
1
1
1
1
1
1
1
1
1
1
1
1
1
1
1
1
1
1
1
1
1
1
1
1
1
1
1
1
1
1
1
1
1
1
1
1
1
1
1
1
1
1
1
1
1
1
1
0
1
1
1
1
1
1
1
1
1
1
1
1
1
1
1
1
1
1
1
1
1
1
1
1
1
1
1
1
1
1
1
1
1
1
1
1
1
1
1
1
1
1
1
1
1
1
1
1
1
1
1
1
1
1
1
1
1
1
1
1
1
1
1
1
1
1
1
1
1
0
1
1
1
1
1
1
1
1
1
1
1
1
1
1
1
1
1
1
1
1
1
1
1
1
1
1
1
1
1
1
1
1
1
1
1
1
1
1
1
1
1
1
1
1
1
1
1
1
1
1
0
1
1
1
1
1
1
1
1
1
1
1
1
1
1
0
1
1
1
1
1
1
1
1
1
1
1
1
1
1
1
1
1
1
1
1
0
1
1
1
1
1
1
1
1
1
1
1
1
1
1
1
1
1
1
1
1
1
1
1
1
1
1
1
1
1
0
1
1
1
1
1
1
1
1
1
1
1
1
1
1
1
1
1
1
1
1
1
1
1
1
1
1
1
0
1
1
1
1
1
1
1
1
1
1
1
0
1
1
1
1
1
1
1
1
1
1
1
1
1
1
1
1
1
1
1
1
1
1
1
0
1
1
1
1
1
1
1
1
1
1
1
1
1
1
1
1
1
1
1
1
1
1
1
1
1
1
1
1
1
1
1
1
1
1
1
1
1
1
1
1
1
1
1
1
1
1
1
1
1
1
1
0
1
1
1
1
1
1
1
1
1
1
1
1
1
0
1
1
1
1
1
1
1
1
1
1
1
1
1
1
1
1
1
1
1
1
1
1
1
1
1
1
1
1
1
1
1
1
1
1
1
1
1
1
1
1
1
1
1
1
1
0
1
1
1
1
1
1
1
1
1
1
1
1
1
1
1
1
1
1
1
1
1
1
1
1
1
1
1
1
1
1
1
1
1
1
1
1
1
1
1
1
1
1
1
1
1
1
1
1
1
1
1
1
1
1
1
1
1
1
1
1
1
1
1
1
1
1
1
1
1
0
1
1
1
1
1
1
1
1
1
1
1
1
1
1
1
1
1
1
1
1
1
1
1
1
1
1
1
0
1
1
1
1
1
1
1
1
1
1
1
1
1
1
1
1
1
1
1
1
1
1
1
1
1
1
1
1
1
1
1
1
1
1
1
0
0
1
1
1
1
1
1
1
0
1
1
1
1
1
0
1
1
1
1
1
1
1
1
1
1
1
1
1
1
1
1
1
1
1
1
1
1
1
1
1
1
1
1
1
1
1
1
1
1
1
1
1
1
1
1
1
1
1
1
1
1
1
1
1
1
1
1
1
1
1
1
1
1
1
1
1
1
1
1
1
1
1
0
1
1
1
1
1
1
0
1
1
1
1
1
1
1
1
1
0
1
1
1
1
1
1
1
1
1
1
1
1
1
1
1
1
1
1
1
1
1
1
1
1
1
1
1
1
1
1
1
1
1
1
1
1
1
0
1
1
1
1
1
1
1
1
1
1
0
1
1
1
1
1
1
1
1
1
1
1
1
1
1
1
1
1
1
1
1
1
1
1
1
1
1
1
1
1
1
1
1
1
1
1
1
1
1
1
1
1
1
1
1
1
1
1
1
0
1
1
1
1
1
0
1
1
1
1
1
1
1
1
1
1
1
1
0
1
1
1
1
1
1
1
1
1
1
1
1
1
1
1
1
1
1
1
1
1
1
1
1
1
1
1
1
1
1
1
1
1
1
1
1
1
1
1
1
1
1
1
1
1
1
1
1
1
1
0
0
1
1
1
1
1
1
1
1
0
1
1
1
1
0
1
1
1
1
1
1
1
1
1
1
1
1
1
1
1
0
1
1
1
1
1
1
1
1
1
1
1
1
1
1
1
1
1
1
1
1
1
1
1
1
1
1
1
1
1
1
1
1
1
1
1
1
1
1
1
1
1
1
1
1
0
1
1
1
1
1
1
1
1
1
0
1
1
1
1
1
1
1
1
1
1
1
1
1
1
1
1
1
1
1
1
1
1
1
1
1
1
1
1
1
0
1
1
1
1
1
1
1
1
1
1
1
1
1
1
1
1
1
1
1
1
1
1
1
1
1
1
1
1
1
1
1
1
1
0
1
1
1
1
1
1
1
1
1
1
1
1
1
1
1
1
1
1
0
1
1
0
1
1
1
1
1
1
1
1
1
1
1
1
1
0
1
1
1
1
1
0
1
1
1
1
1
1
1
1
1
1
1
1
1
1
1
1
1
0
1
1
1
1
1
1
1
1
1
1
1
1
1
0
1
1
1
1
1
1
1
1
1
1
1
1
1
1
1
1
1
1
1
1
1
1
1
1
0
1
1
1
1
1
1
1
1
1
1
1
1
1
1
1
1
1
1
1
1
1
1
1
1
1
1
1
1
1
1
1
1
1
1
1
1
1
1
1
1
1
1
1
1
1
1
1
1
1
1
1
1
1
1
1
1
1
1
1
1
1
1
1
1
1
1
1
1
1
1
1
1
1
1
1
1
0
1
1
1
1
1
1
1
1
1
1
1
1
1
1
1
1
1
1
1
1
1
1
1
1
1
1
1
1
1
1
1
1
1
1
1
1
1
1
1
1
1
1
1
1
1
1
0
1
1
1
1
1
1
1
1
0
1
1
1
1
1
1
1
1
1
1
1
1
1
1
1
1
1
1
1
1
1
1
1
1
1
1
1
1
1
1
1
1
1
1
1
1
1
1
1
0
1
1
1
1
1
1
1
1
1
0
1
1
1
1
1
1
1
1
1
1
1
1
1
1
1
1
1
1
0
1
1
1
1
1
1
1
0
1
1
1
1
1
0
1
1
1
1
1
0
1
1
1
1
0
1
1
0
1
1
1
1
1
1
1
1
1
1
1
1
1
1
1
1
1
1
1
1
1
1
1
1
1
1
1
1
1
1
1
1
1
1
1
1
1
1
1
1
0
1
1
1
1
1
1
1
1
1
1
1
1
0
1
1
1
1
1
1
1
1
1
1
1
1
1
1
1
1
1
1
1
1
1
1
1
1
1
1
1
1
1
1
1
1
1
0
1
1
1
1
1
0
1
1
1
1
1
1
1
1
1
1
1
1
1
1
1
1
1
1
1
1
1
1
0
1
1
1
0
1
1
1
1
1
1
1
1
1
1
1
1
1
1
1
1
0
1
1
1
1
1
1
1
1
1
1
1
1
1
1
1
1
1
0
1
1
1
1
1
1
1
1
1
1
1
1
1
1
1
1
1
1
1
1
1
1
1
1
1
1
1
1
1
1
1
1
1
1
1
1
1
1
1
1
1
1
1
1
1
1
1
1
1
1
1
1
1
1
1
1
1
0
1
1
1
1
1
1
1
1
1
1
1
1
0
1
1
1
1
1
1
1
1
1
1
1
1
1
1
1
1
1
1
1
1
1
1
1
1
1
1
1
1
1
1
1
1
1
1
1
1
1
1
1
0
1
1
1
1
0
1
1
1
1
1
1
1
1
1
1
1
0
1
1
1
1
1
1
0
1
1
1
1
1
1
1
1
1
1
1
1
1
1
1
1
1
1
1
1
1
1
1
1
1
1
1
1
1
1
1
1
1
1
1
1
1
1
1
1
1
1
1
1
1
1
1
1
1
1
0
1
1
1
1
1
1
1
1
1
1
1
1
1
1
1
1
1
1
1
1
1
0
0
1
1
1
1
1
0
1
1
1
1
1
1
1
1
1
1
1
1
1
1
1
1
1
1
1
1
1
1
1
1
1
1
1
1
1
0
1
1
1
1
1
1
1
1
1
1
0
1
1
1
0
1
1
1
1
1
1
1
1
1
1
1
1
0
1
1
1
1
1
1
1
1
1
1
1
1
1
1
1
1
1
1
1
1
1
1
1
1
1
0
1
1
1
1
1
1
1
1
1
1
1
1
1
1
1
1
1
1
1
1
1
1
1
1
1
1
1
1
1
1
1
1
1
1
1
1
1
1
1
1
1
1
1
0
1
1
1
1
1
1
1
1
1
1
1
0
1
1
1
1
1
1
1
1
1
1
0
1
1
1
1
1
1
1
1
0
1
1
1
1
1
1
1
1
1
1
1
1
1
0
1
1
1
1
1
1
1
1
1
1
1
1
1
1
1
1
1
1
1
1
1
1
1
1
1
1
1
1
1
1
1
1
1
1
1
1
1
1
1
1
1
0
1
1
1
0
1
1
1
1
1
1
1
1
1
1
1
1
1
1
1
1
1
1
1
1
1
1
0
1
1
1
1
1
1
1
1
1
1
1
1
1
1
1
1
1
1
1
1
1
1
1
1
1
1
1
1
1
0
1
1
0
1
1
1
1
1
1
1
1
1
1
1
1
1
1
1
1
--F_QUERIES_END--
Time to query the index (unfiltered): 00:00:00.329'351
Average recall score for unfiltered queries: 0.987351
Time to query the index (filtered): 00:00:00.304'868
Average recall score for filtered queries: 0.956731
