./bin/main --filtered --stat --dummy -n_threads 16 -distance 1 --random_start --pqueue -extra_edges 50 
Number of threads: 16
Indexing Type: FILTERED_VAMANA
k: 100
L: 100
R: 14
a: 1
threshold: 0.5
Number of extra random edges: 50
Unfiltered
Filtered
Using priority queue
Time to create the index: 00:00:10.463'315
Number of edges: 530464
--UNF_QUERIES--
0.628205
0.492958
0.61194
0.464789
0.492308
0.611111
0.464789
0.506849
0.518987
0.525641
0.650794
0.534247
0.450704
0.533333
0.716418
0.621622
0.534247
0.6
0.438356
0.430556
0.513514
0.521127
0.486842
0.478873
0.466667
0.473684
0.590164
0.324675
0.643836
0.493333
0.450704
0.619718
0.48
0.535211
0.614286
0.5
0.459459
0.479452
0.547945
0.485294
0.614286
0.424658
0.381579
0.492958
0.68
0.478261
0.376812
0.486111
0.520548
0.6
0.552632
0.460526
0.461538
0.527027
0.726027
0.536232
0.631579
0.538462
0.56
0.616438
0.5
0.527778
0.56
0.5
0.375
0.625
0.61194
0.539474
0.626667
0.493506
0.506494
0.526316
0.487179
0.421053
0.538462
0.5
0.521127
0.492958
0.378378
0.5
0.506329
0.434211
0.64
0.478261
0.734375
0.534247
0.507042
0.586667
0.636364
0.426667
0.42029
0.661972
0.438356
0.464789
0.486842
0.657534
0.38961
0.614286
0.458333
0.410959
0.578947
0.493506
0.605263
0.569444
0.458333
0.542857
0.514286
0.623188
0.565789
0.448718
0.356164
0.428571
0.506494
0.575
0.527027
0.477612
0.514706
0.35443
0.526316
0.428571
0.442857
0.492754
0.585714
0.460526
0.462687
0.553846
0.52
0.728571
0.605634
0.608108
0.545455
0.549296
0.661765
0.657895
0.583333
0.422535
0.452055
0.5
0.453333
0.652174
0.585366
0.481928
0.527027
0.567164
0.514286
0.521127
0.418919
0.479452
0.535211
0.537313
0.5
0.554054
0.521127
0.597222
0.55
0.6
0.58209
0.555556
0.478873
0.6
0.444444
0.585714
0.591549
0.605634
0.702703
0.557143
0.638889
0.544118
0.533333
0.555556
0.560606
0.623188
0.527778
0.638889
0.449275
0.555556
0.567164
0.522388
0.555556
0.506849
0.561644
0.529412
0.506849
0.546667
0.520548
0.521127
0.558442
0.561644
0.556962
0.447368
0.486486
0.547945
0.577465
0.516129
0.681159
0.45679
0.514286
0.584615
0.493151
0.416667
0.442857
0.528571
0.525641
0.530303
0.521127
0.473684
0.571429
0.56338
0.465753
0.586667
0.528571
0.521127
0.618421
0.554054
0.611111
0.38961
0.405405
0.539474
0.60274
0.573333
0.39726
0.642857
0.534247
0.506849
0.535211
0.512821
0.578947
0.621212
0.459459
0.557143
0.39726
0.513158
0.469136
0.565217
0.471429
0.56
0.560606
0.465753
0.442857
0.493333
0.581081
0.453333
0.507463
0.560606
0.571429
0.468354
0.605634
0.402778
0.569444
0.5
0.520548
0.666667
0.506667
0.473684
0.657143
0.506494
0.5
0.554054
0.478873
0.428571
0.644737
0.581081
0.676471
0.56338
0.425
0.532468
0.486486
0.458333
0.5
0.507246
0.550725
0.480519
0.419753
0.492754
0.569444
0.597015
0.513514
0.554054
0.438356
0.471429
0.416667
0.478261
0.561644
0.558442
0.506667
0.493671
0.468354
0.5
0.430556
0.649351
0.492958
0.52
0.546667
0.5
0.514286
0.444444
0.57971
0.581081
0.392405
0.391892
0.391892
0.486842
0.549296
0.671233
0.616438
0.541667
0.577465
0.605634
0.550725
0.486111
0.4
0.637681
0.617647
0.5
0.445946
0.549296
0.623377
0.554054
0.704225
0.477612
0.561644
0.532468
0.472222
0.472973
0.578947
0.577465
0.513889
0.5
0.5
0.506667
0.466667
0.529412
0.552632
0.486111
0.473684
0.554054
0.473684
0.56338
0.666667
0.555556
0.452055
0.557143
0.589041
0.356164
0.513889
0.485714
0.506849
0.661765
0.565789
0.560606
0.583333
0.481013
0.539474
0.57971
0.520548
0.608696
0.536232
0.5
0.513514
0.541667
0.5
0.676056
0.552632
0.539474
0.527027
0.521127
0.573333
0.555556
0.492754
0.506849
0.463768
0.597222
0.363636
0.458333
0.541667
0.534247
0.693548
0.514706
0.558824
0.405063
0.512821
0.567901
0.521739
0.506494
0.616438
0.555556
0.534247
0.6
0.445946
0.621622
0.585714
0.485714
0.551282
0.633803
0.583333
0.421053
0.527778
0.521739
0.626866
0.447368
0.521127
0.567568
0.641026
0.465753
0.450704
0.520548
0.526316
0.553846
0.477612
0.583333
0.441558
0.617647
0.434783
0.472973
0.592105
0.642857
0.545455
0.571429
0.466667
0.492754
0.410959
0.661765
0.651515
0.52439
0.48
0.538462
0.526316
0.493333
0.432432
0.602941
0.448718
0.469697
0.552632
0.428571
0.402597
0.506849
0.56
0.527027
0.479452
0.452055
0.573333
0.459459
0.492308
0.544118
0.486111
0.581081
0.60274
0.61039
0.460526
0.52439
0.611111
0.457143
0.457143
0.540541
0.661765
0.432432
0.485714
0.430556
0.458333
0.405405
0.606061
0.464789
0.565789
0.462687
0.583333
0.444444
0.575342
0.435897
0.525641
0.550725
0.56
0.555556
0.591549
0.666667
0.447368
0.479452
0.540541
0.521127
0.369863
0.38961
0.561644
0.615385
0.621622
0.621622
0.512821
0.5625
0.434211
0.506494
0.521127
0.506849
0.569444
0.550725
0.567568
0.597403
0.575342
0.575758
0.513514
0.521127
0.61194
0.465753
0.478873
0.428571
0.638889
0.6
0.454545
0.690141
0.652778
0.492958
0.486486
0.527778
0.472973
0.611111
0.541667
0.575758
0.391304
0.506494
0.609375
0.605634
0.6
0.608108
0.485714
0.493151
0.48
0.65
0.552632
0.536232
0.586667
0.466667
0.472222
0.432432
0.402778
0.530303
0.656716
0.413333
0.52
0.589041
0.513889
0.486111
0.464789
0.608108
0.535211
0.532468
0.613333
0.44
0.681159
0.493151
0.535211
0.458333
0.507246
0.642857
0.608108
0.615385
0.536232
0.594595
0.388889
0.540541
0.591549
0.535211
0.518072
0.534247
0.637681
0.565789
0.638889
0.487805
0.64
0.547945
0.527778
0.555556
0.581081
0.506667
0.507463
0.525641
0.648649
0.514286
0.376623
0.506494
0.56962
0.507246
0.424658
0.618421
0.565789
0.576923
0.486486
0.552632
0.459459
0.4
0.521739
0.56338
0.513158
0.473684
0.809524
0.641791
0.507042
0.571429
0.591549
0.597403
0.480519
0.605634
0.671429
0.791667
0.551282
0.4
0.589041
0.457143
0.557143
0.513514
0.512821
0.5
0.632353
0.430556
0.5
0.453125
0.52
0.556962
0.577465
0.7
0.578125
0.514706
0.652778
0.513889
0.565217
0.581081
0.540541
0.647059
0.394366
0.441558
0.5
0.418919
0.5
0.388889
0.428571
0.424658
0.594203
0.410959
0.506494
0.588235
0.44
0.485714
0.449275
0.480519
0.608108
0.712121
0.397436
0.540541
0.557143
0.464789
0.376623
0.44
0.545455
0.710145
0.583333
0.56338
0.472222
0.60274
0.539474
0.625
0.589041
0.566265
0.5
0.526316
0.547945
0.616438
0.533333
0.48
0.611111
0.661972
0.608696
0.623188
0.467532
0.569444
0.583333
0.408451
0.438356
0.442857
0.5
0.521127
0.473684
0.560606
0.493333
0.676923
0.585714
0.485294
0.493333
0.486486
0.554054
0.571429
0.575
0.492754
0.541667
0.493333
0.56962
0.565217
0.652778
0.547945
0.368421
0.608696
0.408451
0.471429
0.478261
0.528571
0.506494
0.585714
0.493506
0.48
0.513889
0.507042
0.486486
0.625
0.594595
0.467532
0.388889
0.513889
0.591549
0.467532
0.454545
0.558824
0.6
0.614286
0.486111
0.428571
0.532468
0.458333
0.472973
0.449275
0.454545
0.459459
0.565789
0.411765
0.45
0.527778
0.569444
0.435897
0.459459
0.575342
0.513514
0.506667
0.447761
0.479452
0.324324
0.453333
0.540541
0.607595
0.4
0.608108
0.625
0.575758
0.549296
0.545455
0.5
0.583333
0.535211
0.368421
0.486486
0.590909
0.485714
0.597403
0.459459
0.597015
0.552632
0.5
0.5
0.602941
0.486111
0.472222
0.637681
0.478873
0.513889
0.534247
0.540541
0.671429
0.337838
0.473684
0.616438
0.5875
0.452055
0.661972
0.448718
0.527027
0.653333
0.694444
0.452055
0.583333
0.581081
0.455882
0.638889
0.450704
0.48
0.454545
0.478261
0.556962
0.486842
0.513889
0.486486
0.527027
0.575342
0.518519
0.514286
0.539474
0.521127
0.416667
0.588235
0.538462
0.493506
0.536232
0.507463
0.561644
0.695652
0.561644
0.521127
0.571429
0.442857
0.571429
0.530303
0.486111
0.56338
0.632353
0.492754
0.410959
0.506667
0.477612
0.6
0.520548
0.565789
0.575342
0.416667
0.651515
0.39726
0.578947
0.533333
0.584416
0.565789
0.458333
0.716418
0.472222
0.519481
0.626866
0.605263
0.454545
0.363636
0.575342
0.573529
0.544304
0.666667
0.444444
0.647887
0.484848
0.507463
0.597403
0.421053
0.5
0.606061
0.521127
0.605634
0.56
0.583333
0.594203
0.424658
0.552632
0.442857
0.445946
0.467532
0.547945
0.466667
0.471429
0.507246
0.583333
0.434783
0.606061
0.493671
0.532468
0.619718
0.405063
0.434211
0.589041
0.352113
0.540541
0.452055
0.591549
0.614286
0.555556
0.623188
0.685714
0.6
0.5
0.623188
0.552632
0.493506
0.547945
0.648649
0.551282
0.477612
0.428571
0.58209
0.432836
0.525641
0.486111
0.538462
0.485714
0.535211
0.626866
0.527027
0.671642
0.544118
0.569231
0.507042
0.506849
0.56962
0.458333
0.506849
0.552632
0.642857
0.485294
0.4
0.515152
0.506667
0.478261
0.534247
0.474359
0.588235
0.424658
0.527778
0.5
0.5
0.506849
0.478873
0.552632
0.671429
0.626667
0.52439
0.546667
0.652778
0.5
0.536232
0.514286
0.623188
0.542857
0.630137
0.428571
0.445946
0.619718
0.558442
0.4875
0.675325
0.534247
0.506494
0.539474
0.5
0.492958
0.493506
0.5
0.545455
0.5
0.428571
0.447368
0.391304
0.571429
0.341772
0.547945
0.486111
0.480519
0.743243
0.423077
0.541667
0.486486
0.43662
0.422535
0.567568
0.5
0.470588
0.465753
0.485294
0.575342
0.597222
0.630137
0.507042
0.447761
0.493333
0.533333
0.633803
0.552632
0.584416
0.565789
0.621622
0.534247
0.716216
0.547945
0.7
0.671642
0.581081
0.441176
0.535211
0.661765
0.485294
0.469136
0.5
0.465753
0.5
0.402778
0.534247
0.608108
0.549296
0.571429
0.391304
0.57971
0.507042
0.523077
0.506849
0.470588
0.565789
0.43662
0.611111
0.685714
0.453333
0.541667
0.652174
0.506667
0.454545
0.554054
0.447368
0.519481
0.473684
0.528571
0.469136
0.453333
0.591549
0.533333
0.474359
0.5
0.522388
0.577465
0.454545
0.5
0.621622
0.461538
0.473684
0.619718
0.445946
0.546667
0.537313
0.652778
0.529412
0.455882
0.487179
0.43662
0.5
0.535211
0.597222
0.561644
0.422535
0.513158
0.578947
0.605634
0.347222
0.506667
0.434211
0.426471
0.594203
0.529412
0.590909
0.458333
0.4875
0.581081
0.630137
0.369863
0.58209
0.426667
0.61194
0.533333
0.542857
0.541667
0.535211
0.608108
0.486111
0.542857
0.594595
0.526316
0.561644
0.581081
0.567568
0.597222
0.606061
0.465753
0.521127
0.493151
0.565217
0.676923
0.486842
0.676056
0.583333
0.43662
0.621622
0.577465
0.521127
0.438356
0.520548
0.507692
0.466667
0.493151
0.626866
0.493333
0.608108
0.544118
0.666667
0.493333
0.421053
0.555556
0.602564
0.459459
0.581081
0.565217
0.565217
0.611111
0.513158
0.5
0.520548
0.569444
0.364865
0.465753
0.424658
0.538462
0.616438
0.630137
0.457143
0.472222
0.5
0.459459
0.632353
0.507692
0.575342
0.526316
0.585714
0.525641
0.422535
0.512821
0.547945
0.447368
0.69863
0.532468
0.561644
0.714286
0.477612
0.768116
0.493506
0.405063
0.536232
0.567568
0.675325
0.617647
0.5
0.666667
0.544118
0.527778
0.577465
0.506667
0.447368
0.640625
0.617647
0.567568
0.693333
0.520548
0.594595
0.452055
0.457143
0.56
0.507042
0.739726
0.626866
0.534247
0.633803
0.567568
0.526316
0.447368
0.585714
0.573333
0.5625
0.537313
0.555556
0.57971
0.507463
0.391304
0.534247
0.578947
0.628571
0.531646
0.450704
0.5
0.757143
0.485714
0.486842
0.586667
0.513158
0.701493
0.539474
0.5
0.555556
0.473684
0.575342
0.48
0.602564
0.632353
0.578947
0.5
0.514706
0.415584
0.637681
0.625
0.438356
0.513158
0.452055
0.567568
0.492754
0.441176
0.545455
0.513889
0.692308
0.584416
0.5
0.472973
0.615385
0.56
0.430769
0.486842
0.478261
0.540541
0.60274
0.618421
0.575342
0.573529
0.480519
0.478261
0.506849
0.567568
0.428571
0.48
0.571429
0.657143
0.676056
0.442623
0.515625
0.605634
0.449275
0.608696
0.43662
0.506667
0.723684
0.552632
0.541667
0.571429
0.666667
0.513514
0.4875
0.418919
0.394366
0.577465
0.692308
0.571429
0.453333
0.506849
0.56338
0.52
0.5
0.514286
0.513889
0.5
0.625
0.5125
0.536232
0.608108
0.565789
0.352941
0.613333
0.529412
0.661765
0.666667
0.4
0.426667
0.529412
0.623188
0.415584
0.567164
0.520548
0.493671
0.468354
0.633803
0.5
0.441176
0.471429
0.623188
0.578947
0.564103
0.623188
0.533333
0.611111
0.480519
0.619718
0.602941
0.528571
0.540541
0.528571
0.5
0.480519
0.630137
0.60274
0.428571
0.592105
0.430556
0.3625
0.547945
0.558442
0.48
0.657143
0.402778
0.424658
0.539474
0.64
0.588235
0.45
0.484848
0.586667
0.460526
0.597015
0.487179
0.571429
0.602941
0.535211
0.602941
0.546667
0.493151
0.585714
0.594203
0.426471
0.507246
0.371795
0.526316
0.635135
0.551282
0.402778
0.493827
0.635135
0.571429
0.695652
0.573333
0.458333
0.625
0.652174
0.532468
0.43662
0.535211
0.43662
0.450704
0.526316
0.657143
0.605634
0.5
0.56
0.469136
0.479452
0.448718
0.573333
0.58209
0.520548
0.444444
0.381579
0.438356
0.626667
0.578947
0.581081
0.519481
0.641791
0.418919
0.647887
0.594203
0.527027
0.577465
0.463768
0.529412
0.486486
0.625
0.525641
0.555556
0.515152
0.430556
0.513158
0.647887
0.547945
0.694444
0.47561
0.594203
0.480519
0.422535
0.48
0.506329
0.492958
0.346667
0.463768
0.480519
0.547945
0.567568
0.6
0.520548
0.434783
0.466667
0.512821
0.651515
0.547945
0.605263
0.5
0.479452
0.444444
0.485714
0.407895
0.605634
0.671053
0.5
0.52439
0.569231
0.414286
0.513889
0.506849
0.528571
0.608108
0.467532
0.519481
0.594595
0.507042
0.5
0.605634
0.5
0.5
0.5875
0.394737
0.58209
0.461538
0.58209
0.447368
0.537313
0.506849
0.565217
0.484848
0.615385
0.446154
0.375
0.546667
0.613333
0.526316
0.526316
0.708333
0.575342
0.478873
0.474359
0.535211
0.611111
0.532468
0.394366
0.576923
0.565217
0.666667
0.479452
0.506329
0.557143
0.432432
0.523077
0.547945
0.619718
0.45
0.342105
0.493333
0.414286
0.561644
0.554054
0.550725
0.5625
0.526316
0.473684
0.466667
0.541667
0.520548
0.557143
0.515625
0.542857
0.5
0.657534
0.457143
0.605634
0.589041
0.518987
0.526316
0.680556
0.486842
0.549296
0.575342
0.575758
0.614286
0.471429
0.486486
0.571429
0.520548
0.506849
0.459459
0.520548
0.413333
0.465753
0.426667
0.618421
0.675676
0.555556
0.567164
0.507042
0.402778
0.506849
0.567164
0.452055
0.569444
0.638889
0.581081
0.492754
0.5
0.5375
0.444444
0.521127
0.561644
0.561644
0.5
0.426667
0.676923
0.375
0.585714
0.611111
0.567568
0.549296
0.698413
0.52
0.586667
0.555556
0.455882
0.462687
0.561644
0.432432
0.557143
0.486486
0.521127
0.56338
0.590909
0.688312
0.520548
0.638889
0.637681
0.513889
0.416667
0.493333
0.546667
0.346154
0.547945
0.557143
0.478873
0.466667
0.546667
0.461538
0.532468
0.52
0.542857
0.571429
0.539474
0.630769
0.584615
0.565217
0.430556
0.588235
0.373333
0.492754
0.534247
0.394737
0.418919
0.507463
0.545455
0.486842
0.388889
0.552239
0.430556
0.541667
0.57971
0.521739
0.577465
0.666667
0.575342
0.540541
0.536232
0.454545
0.739726
0.457143
0.460526
0.555556
0.432432
0.438356
0.533333
0.592105
0.628205
0.708333
0.5
0.535211
0.552239
0.55
0.512821
0.493333
0.480519
0.487179
0.384615
0.56
0.549296
0.479452
0.633803
0.43038
0.5
0.555556
0.552632
0.486842
0.519481
0.405405
0.56338
0.591549
0.507463
0.455882
0.558824
0.444444
0.567164
0.56
0.529412
0.425
0.4
0.428571
0.466667
0.5
0.478873
0.552632
0.657534
0.695652
0.597222
0.605634
0.547945
0.532468
0.611111
0.643836
0.583333
0.588235
0.407895
0.616438
0.418919
0.6
0.528571
0.561644
0.555556
0.6
0.592105
0.486486
0.526316
0.57971
0.586667
0.447368
0.56962
0.52381
0.441558
0.418919
0.513514
0.527778
0.536232
0.328767
0.561644
0.608696
0.536232
0.569231
0.5
0.493333
0.571429
0.521739
0.513158
0.552239
0.608108
0.56338
0.635135
0.736111
0.485294
0.582278
0.470588
0.453333
0.586667
0.480519
0.567568
0.597222
0.52
0.526316
0.492537
0.628571
0.671053
0.546667
0.518987
0.651515
0.438356
0.458333
0.571429
0.602564
0.530303
0.520548
0.506849
0.558442
0.542857
0.41791
0.544304
0.52
0.444444
0.492958
0.575342
0.71831
0.521127
0.532468
0.423077
0.536232
0.589041
0.657534
0.518519
0.424658
0.554054
0.493151
0.507463
0.618421
0.530303
0.539474
0.546667
0.561644
0.573529
0.547945
0.56
0.522388
0.583333
0.527027
0.555556
0.418919
0.512821
0.442857
0.616438
0.44
0.472222
0.493506
0.413333
0.554054
0.671233
0.428571
0.605634
0.621622
0.486111
0.527778
0.666667
0.507042
0.513158
0.5
0.643836
0.479452
0.486486
0.485714
0.558442
0.549296
0.486111
0.493333
0.636364
0.583333
0.619718
0.507042
0.632353
0.486842
0.513514
0.430556
0.567568
0.602941
0.536232
0.567568
0.638889
0.428571
0.426471
0.3
0.48
0.323944
0.476923
0.405063
0.369863
0.5
0.513889
0.413333
0.546667
0.577465
0.471429
0.666667
0.493151
0.5
0.521739
0.638889
0.5
0.635135
0.513889
0.486486
0.506849
0.584615
0.608108
0.555556
0.485294
0.540541
0.571429
0.533333
0.492754
0.575342
0.525641
0.625
0.514286
0.736842
0.616438
0.458333
0.452055
0.616438
0.4
0.4375
0.513889
0.5
0.681159
0.424658
0.546667
0.541667
0.480519
0.506849
0.434211
0.507042
0.48
0.506667
0.493671
0.478873
0.541667
0.554054
0.554054
0.628205
0.690141
0.473684
0.479452
0.647059
0.410959
0.578947
0.594595
0.447368
0.611111
0.539474
0.619718
0.56
0.594203
0.506494
0.555556
0.676471
0.542857
0.625
0.558824
0.632353
0.647887
0.473684
0.602941
0.507246
0.507042
0.561644
0.573529
0.591549
0.588235
0.541667
0.493151
0.583333
0.646154
0.647887
0.465753
0.5
0.615385
0.447368
0.450704
0.486486
0.441558
0.521127
0.444444
0.671233
0.611111
0.684932
0.626667
0.597222
0.571429
0.441558
0.61194
0.507042
0.605634
0.513158
0.465753
0.449275
0.547945
0.393939
0.486111
0.532468
0.486111
0.554054
0.480519
0.513889
0.603175
0.464789
0.521127
0.558824
0.486842
0.350649
0.444444
0.545455
0.534247
0.39726
0.597403
0.536232
0.555556
0.594595
0.35
0.460526
0.605263
0.415584
0.5
0.6
0.544118
0.5
0.536232
0.540541
0.380282
0.591549
0.628205
0.638889
0.513889
0.5
0.591549
0.64
0.493151
0.575
0.694444
0.608696
0.577465
0.534247
0.473684
0.518987
0.432432
0.626667
0.426471
0.522388
0.542857
0.479452
0.544118
0.527778
0.538462
0.347826
0.368421
0.506329
0.507246
0.558824
0.686567
0.465753
0.6
0.484375
0.453333
0.391892
0.56338
0.466667
0.461538
0.588235
0.513158
0.571429
0.479452
0.632911
0.557143
0.506849
0.526316
0.479452
0.518987
0.573529
0.453333
0.686567
0.58209
0.527027
0.5
0.486486
0.375
0.48
0.671233
0.657143
0.514706
0.463768
0.471429
0.521127
0.626667
0.567568
0.450704
0.492958
0.422535
0.547945
0.507246
0.434783
0.39726
0.533333
0.561644
0.361111
0.652174
0.447368
0.625
0.60274
0.465753
0.547945
0.630137
0.514286
0.60274
0.408451
0.445946
0.578947
0.487179
0.594203
0.64
0.474359
0.720588
0.56962
0.547945
0.452055
0.571429
0.545455
0.584615
0.605263
0.444444
0.526316
0.56
0.647887
0.472973
0.539474
0.549296
0.569444
0.680556
0.581081
0.48
0.554054
0.385714
0.376623
0.545455
0.671429
0.413333
0.661972
0.565789
0.6
0.507042
0.513514
0.569444
0.538462
0.529412
0.513889
0.472973
0.56338
0.581081
0.545455
0.557143
0.445946
0.486486
0.518987
0.605263
0.453125
0.472973
0.567568
0.466667
0.661765
0.528571
0.513158
0.527778
0.450704
0.666667
0.424658
0.641791
0.520548
0.588235
0.540541
0.521127
0.551282
0.486842
0.373333
0.452055
0.35
0.558824
0.597015
0.506494
0.5
0.394737
0.473684
0.448718
0.486842
0.493333
0.540541
0.641026
0.521739
0.428571
0.571429
0.486842
0.461538
0.536232
0.5
0.671429
0.5
0.605634
0.542857
0.625
0.506849
0.702703
0.513889
0.506494
0.44
0.513514
0.413333
0.594203
0.486486
0.513158
0.534247
0.512821
0.546667
0.378378
0.444444
0.597222
0.551282
0.394737
0.794118
0.493151
0.540541
0.485714
0.465753
0.347222
0.653333
0.58209
0.671642
0.459459
0.5
0.554054
0.643836
0.414286
0.467532
0.486486
0.550725
0.6
0.493333
0.557143
0.438356
0.521739
0.569444
0.513889
0.450704
0.605263
0.680556
0.652174
0.425
0.575342
0.69697
0.533333
0.652778
0.549296
0.382353
0.535211
0.486842
0.423077
0.444444
0.394737
0.474359
0.493333
0.459459
0.549296
0.557143
0.540541
0.432432
0.526316
0.78125
0.472222
0.528571
0.567568
0.635135
0.547945
0.643836
0.513514
0.492958
0.633803
0.545455
0.578947
0.567568
0.64
0.539474
0.418919
0.605634
0.614286
0.676471
0.52
0.576923
0.432836
0.534247
0.405797
0.527778
0.552239
0.513889
0.643836
0.506329
0.54321
0.473684
0.526316
0.421053
0.532468
0.5
0.513514
0.492754
0.657534
0.633803
0.466667
0.597222
0.471429
0.605634
0.44
0.539474
0.418919
0.588235
0.594595
0.452055
0.438356
0.623188
0.5625
0.48
0.424658
0.451219
0.506494
0.583333
0.605634
0.514286
0.513158
0.5
0.48
0.418919
0.527027
0.573333
0.386667
0.577465
0.506667
0.571429
0.486111
0.513158
0.472973
0.542857
0.384615
0.589041
0.39726
0.647887
0.452055
0.666667
0.588235
0.526316
0.652174
0.371795
0.355263
0.472973
0.661972
0.407895
0.561644
0.535211
0.542857
0.397059
0.453333
0.575342
0.472222
0.680556
0.3875
0.5
0.506849
0.535211
0.43662
0.56338
0.557143
0.606061
0.487179
0.557143
0.438356
0.506329
0.597015
0.486111
0.526316
0.731343
0.551282
0.666667
0.540541
0.529412
0.768116
0.386667
0.432432
0.454545
0.614286
0.518987
0.541667
0.493506
0.455696
0.7
0.547945
0.513158
0.44
0.541667
0.474359
0.434211
0.486842
0.554054
0.413333
0.493333
0.4
0.555556
0.618421
0.583333
0.541667
0.56
0.539474
0.48
0.528571
0.542857
0.671429
0.661972
0.577465
0.487179
0.547945
0.472973
0.48
0.691176
0.470588
0.578947
0.485294
0.712329
0.5
0.432836
0.657143
0.527027
0.573333
0.521127
0.52
0.5
0.507463
0.5
0.631579
0.552632
0.565789
0.394737
0.514706
0.5
0.526316
0.521127
0.628571
0.459459
0.486111
0.480519
0.5
0.652778
0.413333
0.519481
0.528571
0.460317
0.506667
0.571429
0.493506
0.346667
0.506494
0.492754
0.452055
0.539474
0.513889
0.594203
0.662162
0.547945
0.578947
0.445946
0.428571
0.546667
0.450704
0.487179
0.371795
0.573333
0.441558
0.479452
0.402597
0.547945
0.540541
0.518519
0.540541
0.449275
0.5
0.52381
0.551282
0.526316
0.473684
0.56962
0.384615
0.513889
0.565217
0.486486
0.513514
0.6
0.555556
0.542857
0.529412
0.565217
0.424658
0.413333
0.519481
0.540541
0.556962
0.472973
0.486842
0.535211
0.486842
0.525641
0.608696
0.376812
0.478873
0.594595
0.44
0.478873
0.558824
0.535211
0.458333
0.6
0.534247
0.567568
0.765625
0.575342
0.461538
0.573529
0.597222
0.513514
0.618421
0.414286
0.486486
0.512821
0.507042
0.413333
0.486842
0.507692
0.558824
0.616438
0.5
0.680556
0.534247
0.534247
0.529412
0.7
0.512821
0.5375
0.540541
0.415584
0.735294
0.583333
0.706667
0.4
0.527027
0.4
0.567164
0.534247
0.631579
0.554054
0.558442
0.535211
0.581081
0.643836
0.558442
0.58209
0.666667
0.507246
0.465753
0.457143
0.542857
0.606061
0.605634
0.631579
0.449275
0.424658
0.533333
0.757576
0.473684
0.519481
0.61039
0.546667
0.4
0.506849
0.528571
0.535211
0.602941
0.472973
0.507246
0.561644
0.368421
0.530864
0.647887
0.55
0.459459
0.455882
0.447368
0.547945
0.647059
0.383562
0.608108
0.493151
0.479452
0.506667
0.623188
0.565217
0.513889
0.549296
0.690141
0.65625
0.6
0.567164
0.492958
0.461538
0.405405
0.552632
0.716216
0.685714
0.428571
0.594595
--UNF_QUERIES_END--
--F_QUERIES--
1
0.781609
0.595745
1
0.578947
0.857143
0.763441
0.75
0.791667
0.948052
0.933333
0.788235
1
0.690476
0.893333
0.478261
0.595745
0.972603
0.611111
0.775
0.580645
0.825
0.850575
0.761364
0.831169
0.666667
1
1
0.52809
0.925
1
0.621053
0.705128
0.75
0.858974
0.645161
0.526316
0.790123
0.77381
0.963415
0.8
1
0.612903
1
0.829268
0.666667
0.573034
0.857143
0.819277
0.85
0.875
1
0.505747
1
0.795181
1
0.846154
0.505495
0.761905
0.857143
0.768293
0.879518
0.733333
0.8125
0.858974
0.597701
0.617021
0.852273
0.56044
0.807692
0.82716
0.666667
0.6
0.582418
0.666667
0.857143
0.929577
0.781609
0.764706
0.8
1
1
1
0.825581
0.610526
0.951219
0.768293
0.780488
0.531915
0.960526
0.770115
0.55914
0.853659
0.893333
0.62069
0.817073
0.865854
0.563218
0.791209
0.779221
0.7875
0.681818
0.793103
0.741176
0.75
1
0.931507
0.62766
0.804878
0.862069
0.593407
0.883117
0.848837
1
1
0.886364
1
0.781609
0.873418
1
0.8625
0.860759
0.813953
0.873418
0.827586
0.797753
1
0.835294
0.75
0.663265
1
0.727273
0.790698
0.851852
0.821429
0.766234
0.932432
0.916667
0.56383
0.6
0.532609
0.619565
0.638298
0.549451
0.873418
0.936709
0.794872
0.962025
0.755556
1
0.86747
1
1
0.77027
0.617021
0.855263
0.792683
1
1
0.973333
0.530612
0.833333
0.6875
0.747126
0.810811
0.837209
1
0.71875
0.577778
0.591398
1
0.810127
0.87013
0.860465
0.931507
0.8375
0.971429
0.771084
0.972603
0.606383
0.621053
0.532609
0.907895
1
0.494737
0.638554
0.793103
1
0.9375
0.875
1
0.764706
0.961538
0.578947
1
1
0.820513
0.881579
0.629214
1
1
0.769231
0.831169
1
0.685393
1
0.591398
0.8375
0.711111
0.721649
0.611111
0.987342
0.869048
0.841463
0.626374
0.884615
0.876543
1
1
0.907895
0.591398
0.704545
0.814815
0.715909
0.88
0.876712
0.694118
0.434783
1
1
0.566667
0.56044
0.851852
0.56044
0.814815
0.710843
0.510638
0.843373
0.585106
1
0.871429
0.842697
0.847059
1
1
0.878049
0.58427
0.516129
0.802326
0.557895
0.802632
0.526316
0.606742
0.921053
0.795455
0.572917
0.784091
0.604167
0.905882
0.876543
1
0.855263
0.870588
0.6
1
0.532609
0.768293
0.90411
0.841463
0.77381
0.843373
0.972603
1
1
0.756098
0.764706
0.587629
0.858974
0.634409
0.738095
0.541667
0.576087
0.9125
0.764706
0.715909
1
0.846154
0.634409
1
1
0.810811
0.945946
0.822785
0.811765
0.744444
0.820513
0.861111
0.697917
0.823529
1
1
0.831169
1
0.738636
1
0.851852
0.578947
0.611111
0.789474
0.582418
0.853659
0.56383
0.819444
0.736842
0.860759
0.770115
1
0.879518
1
0.891892
0.893333
0.946667
0.536842
1
0.446809
0.727273
0.930556
0.635294
0.655172
1
0.858824
0.608247
0.805195
0.746667
0.623656
0.6
1
0.59375
0.846154
0.827957
0.790123
0.634409
0.921053
0.55814
1
1
0.586957
0.729412
0.782609
0.797468
1
0.797619
0.833333
0.864198
0.938272
0.494737
1
0.566667
1
1
0.706667
0.473118
0.694737
0.950617
1
0.697368
0.597826
1
1
0.677778
0.554348
0.531915
0.82716
0.539326
0.505263
0.797619
1
0.695652
0.866667
0.489583
0.870588
0.829545
1
0.807229
0.945205
0.843373
0.756098
0.539326
0.591398
0.865854
0.91358
1
1
0.794521
1
0.505155
0.693878
0.819277
1
0.670213
0.883721
0.565657
0.772152
0.56383
0.606742
0.769231
1
0.901235
0.789474
0.86747
0.934211
1
0.719512
0.724138
1
0.786667
0.891566
1
0.8125
0.914634
1
1
0.88
1
0.870588
0.804348
0.807692
0.922078
0.819277
1
0.515464
0.873418
1
1
0.606742
0.714286
0.878049
1
0.723404
0.709677
0.589474
0.531915
0.835294
0.789474
1
0.782609
0.635417
1
0.588889
0.973333
0.674157
0.775
0.541667
0.783133
0.771084
0.571429
0.586207
0.541667
1
0.576087
0.8625
0.747253
1
0.865854
0.577778
0.9125
1
1
1
0.489583
0.521277
0.548387
0.62069
0.8125
0.707865
0.790123
1
0.974359
0.732558
1
0.608696
0.75
1
0.884615
0.595506
1
0.536842
0.606061
1
0.818182
1
0.879518
0.934211
0.727273
1
1
0.8
1
0.602151
0.659341
1
0.639175
1
0.691358
0.866667
0.921053
0.59375
0.883117
0.880952
1
0.538462
0.851852
0.526882
0.845238
0.931507
0.971429
0.521739
0.857143
0.732558
0.821429
0.831325
1
0.648936
0.974026
1
0.634409
0.468085
0.678161
0.510417
0.882353
0.792208
0.663043
0.526316
0.761905
1
0.802632
0.809524
0.892857
0.943662
0.684783
0.958904
0.987179
0.794872
0.580645
0.505263
1
0.892857
0.940476
0.454545
1
0.96
0.945946
0.963415
1
0.892857
1
0.91954
0.744681
0.855263
0.505495
1
1
0.651685
0.902778
0.886076
0.758242
0.732558
0.860465
0.865169
1
0.846154
1
0.703704
0.884615
0.585106
1
0.704545
0.932432
0.712644
0.855422
1
0.758242
0.638298
0.77381
0.839506
0.73913
0.777778
1
1
0.75641
0.902439
0.790123
0.516484
1
0.65625
0.858974
1
1
0.925926
0.7875
0.753086
0.670455
1
0.576087
0.85
0.860465
0.710843
0.939394
1
0.741935
0.934211
0.760417
0.729412
0.777778
0.595745
0.891566
0.92
0.825
0.74026
0.681818
0.755814
0.527473
0.7625
0.768293
0.914634
0.758621
0.543478
1
0.75
0.788235
0.690476
0.622222
0.886076
0.711111
0.821429
1
0.789474
0.807692
1
0.466667
1
0.842697
0.820225
1
0.536082
0.681818
0.810127
0.936709
0.813953
0.853333
0.740741
0.472527
0.974684
0.553191
0.974359
0.890411
0.670455
0.709302
1
0.772152
0.554348
0.6
0.921053
0.905882
1
0.784091
0.593407
1
1
0.918919
0.819277
0.617977
0.987342
0.602041
1
1
0.644444
0.585106
1
0.807692
0.802469
0.951807
0.947368
0.72093
0.777778
0.576087
0.901235
0.543478
0.583333
0.810127
0.951219
0.719101
0.7875
0.804878
0.541667
0.949367
0.712644
0.759036
0.678161
0.942857
0.5625
0.853659
0.929412
0.791209
0.910448
0.526316
0.949367
0.809524
0.842105
1
0.752941
1
0.974359
0.802326
0.878049
0.632184
0.703297
1
0.722892
1
0.602151
0.626374
0.615385
0.87013
1
0.792683
0.631579
0.75
0.890244
0.943662
0.786667
0.755814
0.813953
0.537634
0.684783
0.894737
0.474227
0.933333
0.701149
0.703297
0.833333
0.905882
0.73494
0.92
1
0
0.914634
0.826667
0.505263
0.864198
0.810127
1
0.892857
0.831325
0.73494
0.515789
0.643678
0.9
0.734043
0.938272
0.738095
0.631579
0.97561
1
1
0.821429
0.666667
0.577778
0.795181
1
0.8
0.597938
1
0.961039
0.521739
1
0.855422
0.537634
0.820513
1
0.77907
1
1
0.758621
0.746988
0.763158
0.797468
0.770115
0.731707
1
0.535714
0.591398
0.851852
0.715909
0.580645
0.817073
0.860465
0.633333
0.670103
1
0.785714
0.823529
0.539326
1
0.473684
0.807692
1
0.580645
0.891566
0.837838
0.829545
0.606383
0.9375
1
0.85
1
0.618557
1
1
1
0.935897
0.521277
0.85
0.886076
0.602041
0.593407
0.794872
1
0.848101
0.851852
0.597826
0.752688
0.46875
0.613636
0.611111
0.935065
0.77381
1
0.817073
1
0.552083
0.74026
0.871795
0.759494
0.906667
1
0.680412
0.835294
0.775
0.625
0.525773
0.702128
1
0.839506
0.818182
0.608696
1
0.574468
0.871795
0.814815
0.901235
0.674419
0.782051
0.794521
0.777778
0.909091
0.569892
1
0.985075
0.515464
0.884615
1
0.897436
0.809524
0.945946
0.896104
0.795181
0.865854
0.936709
1
0.821429
0.520833
1
0.809524
1
0.547368
0.790123
0.797468
1
0.741176
0.935897
1
0.887324
1
0.864198
0.795455
0.731959
0.622222
0.735632
0.551724
0.946667
1
0.747126
0.571429
0.934211
1
0.855263
1
0.963855
0.902439
0.855422
0.666667
1
0.568421
0.896104
0.8625
0.821429
0.837838
0.561798
0.686047
0.761364
0.51087
0.505495
1
0.7625
0.72
0.921053
0.890244
1
0.528736
0.696629
0.878049
0.890411
0.644444
0.825581
0.892857
1
0.463918
0.790698
0.78481
0.775281
0.631579
0.881579
0.825
0.707317
0.738636
1
0.871795
0.9
0.521277
0.446809
1
1
0.552083
0.888889
0.83908
1
0.951807
0.58427
0.822785
0.567901
1
0.544444
0.582418
0.640449
0.809524
0.505263
1
0.764706
0.67033
0.640449
0.82716
0.759036
0.635417
0.7875
0.655556
0.908046
1
0.566667
0.857143
0.909091
0.705882
1
0.721519
0.961538
0.648352
0.793103
0.541667
0.619565
1
0.923077
0.810811
0.586207
0.86747
0.844156
0.83908
1
0.613636
0.78022
0.823529
1
0.886076
1
0.883117
0.647727
1
0.786667
0.677778
0.797468
1
1
0.597826
0.809524
0.839506
0.587629
0.727273
0.8
0.777778
0.532609
0.602151
0.951807
1
1
0.84
0.828947
0.806818
0.817073
0.730337
0.5
0.708861
0.891892
1
0.75
0.783784
1
0.893333
0.916667
0.753086
1
0.731707
0.619565
0.90411
0.905405
0.554348
0.811111
0.746667
0.934211
1
0.835443
1
0.597826
1
0.505376
0.5625
1
0.533333
0.986667
0.859155
0.553191
1
0.785714
0.804878
0.883117
0.614583
0.864865
0.766667
0.582418
0.771084
1
0.909091
1
0.694118
1
0.671053
0.478723
0.917647
0.925926
0.873418
0.752941
0.675676
0.925
0.860465
0.537634
0.850575
0.75
1
1
0.677778
0.810127
1
0.950617
1
1
0.807692
1
0.531915
0.820513
0.571429
1
0.648352
1
0.643678
0.873418
0.612245
0.555556
0.8375
0.809524
0.72093
0.736842
1
0.783133
0.961538
0.651685
0.891892
0.701149
0.626374
0.897436
1
0.783133
1
0.825
1
0.831169
0.829268
1
0.972973
0.62069
0.606061
0.9375
0.652632
0.582418
1
0.845238
1
0.574468
0.574468
0.6
0.510638
0.797753
0.808989
0.831325
0.935065
0.702381
0.961039
0.840909
0.922078
0.593407
0.8375
0.831169
1
1
0.714286
0.8375
1
0.615385
0.825
0.845238
0.483871
1
0.565217
0.557895
1
0.536842
0.697674
0.788235
0.825
0.75
0.8
1
0.868421
0.505376
0.789474
0.722892
0.987654
0.835294
1
1
0.783133
1
0.74026
0.637363
0.730337
0.692308
0.806818
1
1
0.802469
0.797468
0.963855
0.945205
0.56383
1
1
1
0.817073
1
0.764045
1
0.829545
0.533333
1
0.851351
0.846154
0.62766
1
0.923077
0.957747
0.525773
1
0.871795
0.804878
0.905882
0.779221
0.7625
0.896104
0.659091
0.72973
0.823529
0.552083
0.494737
0.802326
0.948052
0.75
1
0.810127
0.783133
0.505155
0.785714
0.666667
0.615385
0.902439
0.756098
0.918919
0.696203
1
0.5
1
0.780488
0.925
0.767442
1
0.585106
0.771084
0.907895
0.783133
0.934211
1
0.606742
0.548387
0.746835
0.841463
0.722892
0.483146
0.696629
0.868421
1
0.511111
0.761364
0.802632
0.593023
0.633333
0.759036
0.903614
0.802469
1
0.914634
0.635417
0.843373
0.847222
0.56044
0.814815
0.847059
0.846154
1
0.752809
0.732558
0.521739
0.928571
0.523256
1
0.520408
0.890244
0.903614
1
0.489583
0.711111
1
0.9375
0.617977
1
0.533333
0.894118
1
0.848101
0.701149
1
0.927711
0.860759
1
1
0.521739
0.835165
1
1
0.707317
0.802632
0.571429
0.642105
0.710843
0.818182
1
0.770115
0.431579
0.541667
0.622222
0.823529
0.747126
0.771084
0.694118
0.573034
0.731707
0.792208
1
0.747253
0.782051
0.868421
0.873563
1
1
0.521739
0.548781
0.614583
0.960526
0.924051
0.629214
0.835616
0.911765
0.851852
0.719512
0.844156
0.7375
0.831325
0.987179
0.860759
0.85
0.876543
1
0.792208
0.863636
0.858824
0.8375
0.695122
1
1
1
1
1
0.975904
0.952941
0.781609
0.864865
0.888889
0.902778
1
0.876543
0.710526
1
0.565217
1
1
0.56701
0.719512
0.722222
0.825
0.888889
0.898734
0.855556
0.752809
0.820513
0.543478
0.520408
1
0.8
0.848837
1
0.587629
0.785714
0.9
1
0.494382
0.897436
0.768293
0.574468
1
0.690722
0.888889
0.845238
1
0.5
0.942857
1
0.793103
0.769231
0.817073
0.739726
0.5
0.59375
0.516854
1
0.847222
0.543478
0.835443
1
0.695652
1
1
0.733333
0.595506
1
0.922078
0.823529
1
1
1
0.948052
0.934211
0.629214
0.833333
0.540816
1
1
0.91358
0.723404
0.825
0.557895
0.556701
0.719101
0.804878
1
1
0.841463
0.5625
1
0.932432
0.825
0.526882
1
0.755814
0.808989
0.755814
0.788235
0.684783
0.780822
1
0.494845
0.780488
1
0.901235
0.8625
0.738095
1
0.728261
0.553191
1
0.634409
0.8625
0.818182
0.917808
1
1
0.890244
0.588889
0.766667
0.907895
0.521277
0.878378
0.869048
0.922078
0.550562
0.831325
0.837838
0.761905
0.638298
0.727273
0.882353
0.891566
0.565217
0.681319
0.568421
0.802469
0.583333
0.897436
0.56383
0.910256
0.580645
0.608696
0.755814
0.659574
0.712644
0.587629
0.835443
1
1
1
1
0.821429
0.583333
0.722892
0.670455
0.725
1
0.74359
0.572917
0.5
0.807692
1
0.755319
0.7375
0.565217
1
0.931507
0.96
1
0.651685
0.568421
1
0.505495
0.8
0.607143
1
0.886076
0.833333
0.483146
0.824176
0.517241
0.823529
0.894737
1
1
1
0.949367
0.670455
0.879518
0.75
0.681818
1
0.85
0.595238
0.681319
0.8625
0.547368
0.537634
0.566667
1
0.606742
0.835165
0.77381
0.907895
0.494624
1
0.833333
0.733333
0.755814
1
0.557895
1
0.510638
0.853659
0.821429
0.794521
0.862069
1
0.785714
0.9125
0.571429
0.652632
0.802198
1
1
0.525773
0.86747
0.907895
0.811765
0.483871
0.783133
1
0.911392
1
1
0.975
0.904762
1
0.526316
0.578947
0.505376
0.925926
0.722892
0.626506
0.573034
0.747126
1
0.855422
1
0.864865
0.548387
0.702128
1
0.795181
0.974026
0.913043
0.917647
0.538462
0.515152
0.521739
0.617021
1
0.763889
0.623656
0.612903
0.906667
0.702381
0.526316
0.833333
0.51087
0.818182
0.772152
0.813333
0.588889
0.903614
0.73494
1
0.771084
0.729412
0.914286
0.911392
0.608696
1
0.903614
0.724138
0.538462
0.807692
1
1
0.935065
0.75
0.65625
0.9
0.915663
0.802469
0.674157
0.568182
0.554348
0.648936
0.752809
0.86747
0.857143
0.698795
0.917808
0.868421
1
0.540816
0.8
0.531915
0.948718
0.802469
0.705882
0.510417
0.890244
0.875
0.839506
1
0.804598
0.96
0.893333
0.604396
0.674157
0.891892
0.655556
0.794872
1
0.691489
1
0.576087
0.841463
0.898734
0.938272
0.674419
0.549451
0.645161
0.653846
0.561798
1
0.549451
1
0.833333
0.736842
0.65625
0.779221
0.589474
0.816092
0.618557
1
0.494624
0.619565
0.764706
0.924051
0.555556
0.597938
0.876543
1
0.571429
0.857143
0.935065
0.962025
0.777778
1
0.766667
1
0.820513
0.972222
0.959459
0.894737
0.893333
0.808989
0.777778
0.727273
1
1
0.892857
0.85
0.452381
0.505495
0.655172
0.888889
0.802469
1
1
0.831325
0.873418
1
0.741573
0.879518
0.50505
0.865854
1
0.807229
0.973333
0.646341
0.747126
0.453608
0.644444
0.933333
0.817073
0.9
0.855263
0.910256
0.851351
0.747126
0.77381
0.783784
0.821429
0.897436
0.551724
0.746835
0.633333
0.77381
0.880952
1
1
1
0.987179
1
0.952941
1
0.9375
1
0.831325
0.542553
1
1
1
0.758621
0.933333
0.925926
0.987013
1
0.790698
0.728261
1
0.755814
0.51087
0.636364
0.651163
0.74026
1
0.536082
0.468085
0.855556
0.614583
0.831325
1
0.973333
0.876543
0.623656
1
0.792683
1
0.888889
1
0.746988
0.536082
0.763441
1
0.846154
0.806818
1
0.857143
0.797468
1
0.793103
0.8
0.881579
1
0.82716
1
1
0.9
0.72
0.903614
1
0.826667
0.62963
1
0.635417
0.530612
1
0.532609
1
0.793478
0.853659
0.590909
0.505263
1
0.585106
0.8625
0.810127
0.841463
0.85
0.542553
0.975
0.564706
0.936709
0.802469
0.852273
0.728395
0.538462
0.857143
1
0.814815
0.847059
0.987654
0.855422
0.701149
0.6
0.634409
0.648936
0.761364
0.864198
0.775
0.848101
0.724138
0.612903
0.735632
1
0.511111
1
0.879518
0.738636
0.544444
0.8125
0.823529
1
0.635417
0.884615
0.576087
0.790698
1
0.91358
0.565217
0.902439
0.933333
1
0.872093
0.962025
0.975
0.879518
0.833333
0.855263
0.873418
0.835165
0.659341
0.755814
0.872093
1
0.839506
0.881579
0.906667
1
1
0.72619
0.835443
0.617021
0.630435
0.906667
0.761364
0.851852
0.901235
0.716049
1
0.752941
1
0.574468
0.934211
0.813953
0.427083
0.608247
1
0.987342
0.851852
1
1
0.572917
0.933333
0.8
0.896104
0.855263
0.583333
0.86747
0.974359
0.910256
1
0.580645
0.923077
0.743902
0.892857
0.850575
0.769231
1
0.752941
1
1
0.761905
1
1
0.515789
0.909091
0.901235
0.615385
0.962025
0.865854
0.663043
0.8625
1
1
0.78022
0.723684
0.909091
0.942857
0.872093
0.972973
1
0.714286
0.636364
0.935897
0.515464
0.894118
0.791209
0.831461
0.696629
0.959459
1
0.666667
0.987013
0.595238
0.746988
0.566667
0.549451
0.728395
1
0.816901
0.705882
0.655172
0.521739
0.917808
0.813187
0.875
0.536842
0.853659
0.8125
0.833333
0.655556
0.813953
0.850575
0.9125
0.78481
0.576087
0.578947
0.606383
1
1
0.515464
0.597826
0.684211
0.777778
0.743902
0.857143
0.8125
1
0.917647
0.853333
0.516129
1
0.574468
0.537634
1
1
0.945205
0.775
0.790123
0.555556
0.792208
0.816092
0.781609
0.843373
1
0.574468
0.868421
0.769231
0.758621
0.895349
0.781609
0.9125
0.681319
0.611111
0.615385
0.77907
1
0.516129
0.648936
0.855263
0.753425
0.888889
0.75641
0.883117
0.831169
0.934211
0.52809
0.505263
0.826667
1
0.818182
0.709677
0.547368
1
0.795455
0.880952
0.78481
0.662791
0.845238
0.56044
0.690476
0.821429
0.56701
0.443299
0.722892
0.903614
0.835165
0.819277
0.790698
1
0.9
0.565217
0.637363
0.734177
0.541176
0.85
0.606383
1
0.797619
1
1
0.851852
0.698795
0.714286
0.873563
1
1
1
0.711111
1
1
0.85
0.604167
0.785714
1
0.811765
0.579545
0.711111
1
0.857143
0.692308
1
0.458333
0.825581
0.583333
0.85
1
1
0.841463
1
0.97619
0.615385
0.76087
1
0.858974
0.824176
0.625
0.873418
0.76
0.802326
0.860759
1
0.876712
0.707865
0.808989
0.73494
0.930556
0.741176
0.561224
1
0.843373
0.755814
0.782051
0.779221
0.733333
0.814815
0.876543
0.717391
0.75641
0.561798
0.746988
0.786517
0.9625
0.753247
0.617021
1
0.938272
0.804598
0.821429
0.577778
0.612903
0.844156
0.775281
0.645833
0.546392
0.904762
0.865854
0.536082
0.740741
0.872093
0.814815
0.855422
0.845238
0.936709
1
0.905405
1
0.623656
0.55102
1
0.804598
0.907895
0.615385
0.538462
0.7
0.56383
1
0.510638
1
0.731707
0.544444
0.788235
0.797468
0.7875
1
1
1
1
0.8875
0.860759
1
0.526882
0.724138
1
1
0.5625
0.888889
0.890411
0.841463
0.873418
0.695652
0.515789
0.878049
1
1
0.819277
0.781609
0.776471
1
0.872093
0.973684
0.657143
0.631579
0.608247
0.779221
0.764706
0.814815
0.520408
1
0.871795
0.528736
0.642857
1
1
0.934211
0.6
0.988095
1
0.811111
0.48913
0.878378
1
0.823529
1
1
0.848837
1
0.923077
1
1
1
0.804878
0.77381
0.987013
1
0.468085
1
0.580645
0.752941
0.73494
0.629214
1
1
0.972603
0.651163
0.759494
0.789474
0.878378
0.851852
0.784091
0.531915
1
0.876405
0.794872
0.505155
1
0.903614
0.62766
0.729412
1
0.878049
0.608247
1
0.580645
1
1
0.597701
1
0.857143
0.788235
0.846154
0.909091
0.705128
0.574468
0.944444
0.736264
0.615385
0.818182
0.548387
0.938272
0.553191
0.839506
1
0.831461
0.612903
1
0.744186
0.610526
0.797468
0.863014
0.777778
1
0.831461
0.628866
0.753247
1
0.615385
0.804598
1
0.734177
0.902439
1
1
0.833333
1
1
0.865854
0.807692
0.753247
0.909091
0.516484
1
0.78481
0.43617
0.692308
0.871795
0.402174
0.641304
1
0.714286
0.75
0.752941
1
1
0.569892
0.522727
1
0.788889
0.705882
0.847059
0.925926
1
0.702381
1
1
1
0.76087
0.764706
0.7625
1
0.722222
0.77907
0.771084
1
0.744186
0.860759
0.915663
0.531915
0.835294
0.886076
0.677778
0.8
1
1
0.973333
0.670588
0.873418
1
0.663158
0.878378
0.805195
0.87013
0.6875
0.758242
0.914634
1
0.841463
0.695652
0.747126
0.8375
0.855422
0.586957
1
0.761905
0.779221
0.853333
0.974684
0.735632
0.566667
0.892857
0.722222
1
0.638298
0.898734
0.662791
0.494737
0.853659
0.635417
0.610526
0.819277
0.489362
0.891566
0.866667
0.959459
0.847826
0.850746
0.648352
0.59375
0.628866
1
0.879518
0.797468
1
1
0.876543
1
0.802469
0.580645
0.951219
0.814815
0.734177
1
0.790123
0.84
0.768421
0.963415
1
0.789474
0.545455
0.651163
0.765432
0.505263
0.75641
0.827586
1
0.835616
1
1
0.878049
0.795181
0.792683
0.858974
0.851351
0.805195
0.911392
0.546392
0.831325
0.685393
0.758621
1
1
0.637363
1
1
1
0.823529
0.626374
1
0.934211
0.878378
0.973684
0.860759
0.769231
0.606383
0.863014
0.894737
1
0.635294
0.795181
1
1
0.55102
0.576087
0.906667
0.827586
0.710843
0.807229
0.921053
0.792683
0.734177
0.759494
0.651685
1
0.725
0.707317
0.891566
--F_QUERIES_END--
Time to query the index (unfiltered): 00:00:00.621'548
Average recall score for unfiltered queries: 0.530398
Time to query the index (filtered): 00:00:00.518'314
Average recall score for filtered queries: 0.803679
