./bin/main --vamana --stat --dummy --only_unfiltered -n_threads 26 -distance 1 --no_rgraph -extra_edges 15 
Number of threads: 26
Indexing Type: VAMANA
k: 100
L: 100
R: 14
a: 1
Number of extra random edges: 15
Unfiltered
Not using rgraph initialization
Time to create the index: 00:00:07.085'759
Number of edges: 264613
--UNF_QUERIES--
0.81
0.92
0.97
0.82
0.89
0.88
0.95
0.95
0.87
0.9
0.88
0.84
0.92
0.94
0.93
0.85
0.9
0.88
0.96
0.66
0.88
0.91
0.85
0.79
0.88
0.82
0.91
0.92
0.83
0.84
0.85
0.93
0.87
0.89
0.86
0.83
0.94
0.86
0.79
0.91
0.92
0.85
0.92
0.83
0.73
0.89
0.83
0.83
0.88
0.91
0.82
0.86
0.89
0.84
0.85
0.78
0.84
0.84
0.84
0.88
0.77
0.9
0.93
0.96
0.88
0.91
0.93
0.82
0.76
0.75
0.88
0.77
0.94
0.9
0.92
0.9
0.9
0.92
0.84
0.85
0.77
0.9
0.91
0.89
0.9
0.9
0.8
0.91
0.92
0.88
0.9
0.92
0.87
0.83
0.91
0.9
0.75
0.87
0.86
0.88
0.89
0.91
0.94
0.82
0.9
0.91
0.81
0.79
0.78
0.85
0.88
0.78
0.85
0.76
0.91
0.88
0.84
0.84
0.81
0.85
0.93
0.85
0.87
0.76
0.85
0.93
0.83
0.89
0.91
0.9
0.79
0.9
0.9
0.92
0.82
0.9
0.87
0.93
0.96
0.9
0.94
0.8
0.88
0.83
0.88
0.85
0.93
0.89
0.85
0.91
0.8
0.83
0.92
0.88
0.93
0.88
0.87
0.87
0.88
0.95
0.92
0.82
0.86
0.82
0.92
0.8
0.9
0.86
0.93
0.89
0.8
0.87
0.87
0.92
0.86
0.85
0.84
0.9
0.9
0.78
0.81
0.9
0.82
0.88
0.86
0.93
0.86
0.82
0.86
0.79
0.91
0.85
0.87
0.97
0.92
0.85
0.85
0.87
0.83
0.81
0.77
0.89
0.85
0.91
0.89
0.8
0.73
0.89
0.88
0.94
0.85
0.88
0.88
0.86
0.85
0.84
0.82
0.84
0.84
0.88
0.93
0.88
0.81
0.82
0.86
0.83
0.86
0.89
0.88
0.88
0.85
0.83
0.73
0.89
0.92
0.9
0.86
0.75
0.82
0.84
0.82
0.88
0.91
0.88
0.91
0.91
0.88
0.87
0.8
0.91
0.84
0.89
0.93
0.86
0.89
0.86
0.92
0.86
0.83
0.9
0.86
0.9
0.94
0.93
0.86
0.88
0.78
0.92
0.92
0.81
0.88
0.89
0.82
0.89
0.86
0.9
0.82
0.88
0.82
0.84
0.81
0.9
0.85
0.81
0.94
0.92
0.91
0.87
0.88
0.85
0.9
0.83
0.86
0.95
0.85
0.93
0.82
0.8
0.86
0.78
0.92
0.76
0.82
0.83
0.9
0.86
0.86
0.87
0.9
0.75
0.84
0.93
0.93
0.93
0.79
0.86
0.83
0.85
0.84
0.94
0.89
0.9
0.88
0.83
0.89
0.91
0.79
0.84
0.79
0.82
0.95
0.9
0.9
0.77
0.91
0.8
0.9
0.81
0.82
0.89
0.86
0.95
0.77
0.82
0.88
0.83
0.81
0.88
0.89
0.88
0.89
0.85
0.81
0.87
0.91
0.93
0.85
0.82
0.92
0.76
0.8
0.91
0.9
0.88
0.83
0.87
0.79
0.88
0.84
0.92
0.93
0.76
0.89
0.87
0.89
0.93
0.86
0.92
0.83
0.76
0.86
0.95
0.89
0.9
0.94
0.96
0.83
0.89
0.87
0.85
0.95
0.85
0.95
0.86
0.93
0.82
0.86
0.85
0.92
0.91
0.81
0.9
0.9
0.75
0.82
0.88
0.87
0.9
0.87
0.88
0.73
0.93
0.88
0.84
0.88
0.89
0.91
0.87
0.82
0.94
0.89
0.79
0.89
0.89
0.85
0.89
0.83
0.8
0.85
0.89
0.98
0.91
0.84
0.9
0.88
0.87
0.86
0.84
0.85
0.84
0.89
0.93
0.85
0.85
0.91
0.85
0.86
0.87
0.82
0.85
0.9
0.87
0.9
0.91
0.83
0.92
0.83
0.86
0.89
0.85
0.92
0.91
0.88
0.86
0.83
0.84
0.8
0.91
0.76
0.93
0.87
0.78
0.9
0.93
0.88
0.83
0.9
0.94
0.91
0.92
0.87
0.94
0.88
0.9
0.77
0.96
0.93
0.96
0.88
0.91
0.91
0.91
0.93
0.88
0.87
0.9
0.79
0.93
0.93
0.88
0.91
0.84
0.79
0.92
0.93
0.92
0.89
0.93
0.79
0.71
0.96
0.77
0.83
0.89
0.93
0.83
0.9
0.85
0.83
0.83
0.89
0.88
0.84
0.88
0.84
0.84
0.9
0.91
0.98
0.89
0.81
0.89
0.94
0.84
0.89
0.9
0.9
0.86
0.94
0.88
0.91
0.94
0.86
0.83
0.9
0.86
0.83
0.77
0.95
0.9
0.9
0.74
0.87
0.89
0.91
0.89
0.87
0.85
0.9
0.73
0.91
0.92
0.93
0.83
0.85
0.86
0.97
0.81
0.83
0.84
0.88
0.83
0.87
0.81
0.89
0.87
0.83
0.81
0.93
0.86
0.87
0.92
0.93
0.91
0.83
0.85
0.9
0.89
0.73
0.9
0.91
0.91
0.93
0.94
0.86
0.86
0.94
0.83
0.88
0.79
0.87
0.87
0.85
0.93
0.89
0.93
0.81
0.91
0.78
0.93
0.95
0.81
0.91
0.91
0.89
0.93
0.85
0.81
0.96
0.89
0.88
0.85
0.91
0.84
0.82
0.91
0.81
0.81
0.76
0.91
0.77
0.87
0.9
0.92
0.69
0.95
0.92
0.89
0.88
0.96
0.86
0.89
0.78
0.96
0.94
0.87
0.85
0.9
0.88
0.83
0.89
0.82
0.85
0.77
0.81
0.86
0.85
0.7
0.91
0.88
0.92
0.91
0.9
0.87
0.82
0.7
0.86
0.92
0.88
0.91
0.87
0.92
0.94
0.89
0.93
0.85
0.9
0.88
0.85
0.87
0.88
0.89
0.84
0.92
0.89
0.86
0.93
0.95
0.96
0.91
0.92
0.87
0.94
0.93
0.82
0.87
0.85
0.91
0.78
0.94
0.8
0.91
0.93
0.83
0.91
0.88
0.81
0.92
0.89
0.83
0.89
0.92
0.87
0.85
0.85
0.92
0.86
0.88
0.91
0.93
0.79
0.85
0.86
0.86
0.91
0.77
0.91
0.92
0.89
0.88
0.84
0.87
0.83
0.93
0.85
0.89
0.89
0.9
0.88
0.93
0.89
0.92
0.83
0.69
0.84
0.75
0.9
0.93
0.83
0.76
0.89
0.9
0.8
0.87
0.85
0.84
0.86
0.88
0.84
0.92
0.8
0.91
0.91
0.95
0.88
0.8
0.94
0.87
0.75
0.83
0.86
0.77
0.74
0.9
0.85
0.89
0.74
0.89
0.88
0.84
0.92
0.88
0.9
0.83
0.85
0.91
0.86
0.95
0.84
0.81
0.89
0.84
0.93
0.85
0.85
0.88
0.86
0.88
0.88
0.89
0.94
0.87
0.87
0.89
0.89
0.83
0.88
0.87
0.89
0.91
0.81
0.88
0.93
0.85
0.86
0.93
0.88
0.82
0.89
0.84
0.84
0.81
0.76
0.84
0.9
0.86
0.82
0.88
0.86
0.91
0.91
0.77
0.86
0.8
0.89
0.81
0.86
0.95
0.94
0.87
0.92
0.89
0.88
0.82
0.87
0.9
0.84
0.89
0.87
0.81
0.93
0.9
0.83
0.79
0.9
0.87
0.93
0.9
0.93
0.89
0.79
0.93
0.94
0.83
0.85
0.93
0.97
0.88
0.76
0.91
0.85
0.82
0.83
0.88
0.9
0.85
0.87
0.84
0.88
0.93
0.9
0.92
0.87
0.9
0.86
0.89
0.85
0.88
0.86
0.78
0.91
0.82
0.86
0.9
0.9
0.89
0.88
0.89
0.86
0.95
0.84
0.91
0.87
0.9
0.82
0.85
0.93
0.88
0.87
0.84
0.81
0.95
0.92
0.91
0.86
0.94
0.9
0.94
0.9
0.79
0.92
0.92
0.85
0.88
0.79
0.89
0.88
0.9
0.79
0.94
0.91
0.82
0.91
0.87
0.96
0.88
0.88
0.88
0.9
0.84
0.93
0.94
0.79
0.91
0.9
0.88
0.85
0.82
0.92
0.9
0.77
0.88
0.84
0.83
0.92
0.86
0.88
0.93
0.86
0.84
0.94
0.88
0.77
0.85
0.85
0.8
0.92
0.79
0.87
0.83
0.89
0.89
0.94
0.79
0.8
0.82
0.73
0.84
0.94
0.86
0.86
0.85
0.89
0.9
0.89
0.85
0.88
0.89
0.91
0.91
0.96
0.9
0.86
0.86
0.82
0.89
0.82
0.8
0.89
0.76
0.9
0.86
0.87
0.82
0.91
0.87
0.7
0.8
0.91
0.84
0.94
0.87
0.81
0.94
0.93
0.82
0.92
0.92
0.87
0.8
0.69
0.89
0.91
0.89
0.9
0.89
0.86
0.81
0.82
0.9
0.82
0.91
0.81
0.78
0.88
0.89
0.96
0.84
0.85
0.88
0.88
0.89
0.91
0.89
0.78
0.82
0.92
0.84
0.98
0.89
0.95
0.87
0.85
0.88
0.86
0.93
0.81
0.9
0.88
0.93
0.88
0.82
0.82
0.89
0.81
0.83
0.8
0.9
0.91
0.9
0.83
0.83
0.85
0.91
0.88
0.79
0.91
0.86
0.93
0.81
0.93
0.86
0.85
0.86
0.91
0.92
0.86
0.8
0.89
0.86
0.9
0.92
0.82
0.91
0.93
0.91
0.86
0.85
0.85
0.92
0.89
0.91
0.84
0.91
0.86
0.89
0.94
0.86
0.9
0.89
0.86
0.82
0.91
0.78
0.81
0.9
0.96
0.89
0.86
0.89
0.93
0.9
0.85
0.92
0.9
0.9
0.84
0.87
0.87
0.93
0.93
0.83
0.78
0.8
0.78
0.77
0.87
0.86
0.84
0.84
0.84
0.91
0.93
0.87
0.75
0.92
0.95
0.96
0.85
0.92
0.9
0.9
0.86
0.88
0.76
0.88
0.91
0.95
0.88
0.92
0.87
0.92
0.9
0.83
0.88
0.76
0.94
0.8
0.78
0.89
0.91
0.95
0.87
0.82
0.86
0.87
0.89
0.96
0.86
0.88
0.93
0.84
0.87
0.83
0.77
0.88
0.88
0.94
0.89
0.76
0.9
0.87
0.89
0.91
0.89
0.95
0.92
0.95
0.9
0.83
0.81
0.88
0.89
0.91
0.89
0.91
0.93
0.94
0.85
0.91
0.86
0.89
0.78
0.9
0.89
0.88
0.86
0.77
0.82
0.82
0.87
0.9
0.76
0.77
0.87
0.88
0.79
0.94
0.8
0.9
0.97
0.83
0.95
0.94
0.85
0.83
0.87
0.85
0.82
0.93
0.86
0.9
0.87
0.77
0.79
0.79
0.85
0.91
0.9
0.93
0.82
0.93
0.9
0.93
0.87
0.92
0.86
0.87
0.93
0.92
0.81
0.89
0.88
0.88
0.91
0.9
0.87
0.76
0.8
0.85
0.86
0.83
0.75
0.83
0.92
0.87
0.92
0.91
0.92
0.9
0.91
0.75
0.87
0.92
0.87
0.84
0.88
0.77
0.88
0.87
0.91
0.87
0.88
0.87
0.94
0.9
0.86
0.92
0.89
0.86
0.89
0.84
0.72
0.91
0.84
0.71
0.89
0.88
0.9
0.8
0.91
0.96
0.88
0.92
0.85
0.88
0.86
0.88
0.92
0.86
0.91
0.81
0.89
0.85
0.79
0.86
0.85
0.91
0.85
0.88
0.86
0.82
0.8
0.88
0.83
0.79
0.92
0.84
0.88
0.85
0.86
0.86
0.87
0.84
0.86
0.85
0.94
0.89
0.84
0.85
0.87
0.94
0.88
0.86
0.9
0.76
0.93
0.85
0.82
0.87
0.91
0.81
0.74
0.85
0.94
0.87
0.81
0.86
0.93
0.9
0.86
0.94
0.81
0.9
0.97
0.87
0.87
0.93
0.82
0.93
0.87
0.87
0.83
0.8
0.84
0.84
0.84
0.84
0.9
0.81
0.83
0.89
0.95
0.82
0.78
0.93
0.94
0.87
0.85
0.88
0.81
0.89
0.88
0.92
0.83
0.9
0.81
0.92
0.88
0.85
0.88
0.92
0.83
0.92
0.85
0.83
0.77
0.82
0.87
0.86
0.86
0.9
0.95
0.9
0.79
0.84
0.92
0.92
0.91
0.9
0.91
0.87
0.84
0.79
0.76
0.91
0.78
0.81
0.88
0.89
0.88
0.94
0.93
0.9
0.98
0.76
0.87
0.87
0.87
0.88
0.9
0.88
0.8
0.93
0.89
0.84
0.91
0.84
0.83
0.85
0.85
0.89
0.82
0.95
0.8
0.78
0.93
0.88
0.88
0.86
0.89
0.83
0.88
0.84
0.93
0.78
0.78
0.9
0.88
0.8
0.76
0.79
0.83
0.93
0.91
0.87
0.93
0.83
0.86
0.85
0.88
0.9
0.86
0.92
0.85
0.93
0.9
0.94
0.88
0.88
0.86
0.8
0.8
0.84
0.9
0.93
0.85
0.78
0.89
0.79
0.86
0.95
0.88
0.83
0.85
0.86
0.93
0.85
0.94
0.91
0.85
0.85
0.87
0.77
0.85
0.87
0.92
0.92
0.88
0.91
0.88
0.9
0.78
0.81
0.91
0.91
0.88
0.93
0.86
0.84
0.95
0.83
0.91
0.85
0.9
0.91
0.88
0.9
0.96
0.83
0.93
0.8
0.84
0.89
0.85
0.89
0.93
0.88
0.76
0.86
0.93
0.86
0.89
0.91
0.88
0.88
0.9
0.78
0.87
0.9
0.88
0.76
0.84
0.87
0.88
0.8
0.91
0.83
0.83
0.93
0.88
0.91
0.89
0.9
0.79
0.95
0.89
0.82
0.96
0.91
0.93
0.92
0.89
0.82
0.91
0.97
0.9
0.94
0.92
0.9
0.92
0.92
0.89
0.82
0.85
0.87
0.83
0.84
0.89
0.78
0.9
0.83
0.93
0.85
0.87
0.81
0.95
0.92
0.82
0.92
0.92
0.93
0.87
0.89
0.83
0.92
0.89
0.93
0.79
0.8
0.9
0.91
0.85
0.81
0.93
0.86
0.86
0.93
0.85
0.88
0.83
0.94
0.9
0.84
0.86
0.84
0.86
0.9
0.78
0.92
0.94
0.89
0.92
0.86
0.91
0.9
0.86
0.87
0.87
0.81
0.88
0.77
0.89
0.84
0.86
0.83
0.92
0.86
0.78
0.87
0.81
0.82
0.91
0.89
0.89
0.88
0.85
0.89
0.71
0.77
0.88
0.9
0.86
0.87
0.85
0.93
0.85
0.83
0.96
0.85
0.9
0.93
0.86
0.82
0.89
0.9
0.9
0.91
0.86
0.81
0.88
0.87
0.87
0.94
0.89
0.9
0.91
0.92
0.89
0.92
0.88
0.85
0.89
0.92
0.91
0.79
0.86
0.9
0.92
0.85
0.78
0.87
0.92
0.93
0.85
0.89
0.96
0.91
0.88
0.87
0.83
0.86
0.92
0.93
0.76
0.88
0.9
0.91
0.87
0.85
0.85
0.89
0.89
0.78
0.9
0.8
0.75
0.91
0.96
0.83
0.9
0.78
0.92
0.86
0.95
0.87
0.81
0.86
0.86
0.8
0.88
0.93
0.89
0.85
0.91
0.89
0.89
0.88
0.85
0.92
0.81
0.84
0.81
0.91
0.8
0.81
0.76
0.86
0.85
0.91
0.89
0.84
0.9
0.9
0.92
0.91
0.92
0.85
0.85
0.88
0.83
0.89
0.94
0.91
0.89
0.75
0.93
0.8
0.92
0.89
0.89
0.85
0.89
0.83
0.83
0.87
0.88
0.93
0.73
0.84
0.86
0.85
0.83
0.9
0.89
0.94
0.86
0.9
0.81
0.82
0.9
0.85
0.94
0.77
0.88
0.86
0.9
0.78
0.81
0.86
0.88
0.91
0.8
0.93
0.88
0.84
0.86
0.85
0.9
0.86
0.85
0.77
0.86
0.89
0.88
0.92
0.92
0.92
0.78
0.9
0.94
0.95
0.85
0.89
0.89
0.85
0.82
0.88
0.88
0.91
0.79
0.8
0.89
0.91
0.91
0.92
0.92
0.92
0.75
0.85
0.91
0.91
0.81
0.91
0.76
0.96
0.88
0.88
0.9
0.83
0.88
0.76
0.87
0.84
0.9
0.82
0.86
0.91
0.78
0.85
0.94
0.91
0.89
0.89
0.87
0.92
0.86
0.95
0.9
0.87
0.88
0.88
0.89
0.88
0.84
0.74
0.81
0.9
0.91
0.83
0.8
0.85
0.83
0.87
0.81
0.86
0.81
0.9
0.86
0.85
0.82
0.95
0.81
0.9
0.82
0.87
0.86
0.92
0.83
0.9
0.94
0.77
0.88
0.85
0.89
0.78
0.9
0.89
0.79
0.9
0.86
0.92
0.79
0.9
0.86
0.81
0.88
0.89
0.91
0.89
0.91
0.88
0.86
0.84
0.89
0.92
0.81
0.74
0.83
0.94
0.76
0.83
0.82
0.82
0.83
0.82
0.92
0.9
0.86
0.92
0.85
0.9
0.71
0.87
0.87
0.94
0.94
0.84
0.82
0.93
0.81
0.76
0.85
0.91
0.89
0.94
0.82
0.82
0.92
0.93
0.88
0.9
0.88
0.87
0.94
0.87
0.85
0.95
0.91
0.8
0.85
0.88
0.86
0.89
0.93
0.88
0.79
0.95
0.91
0.71
0.79
0.88
0.8
0.8
0.81
0.87
0.91
0.9
0.83
0.87
0.92
0.78
0.93
0.9
0.86
0.85
0.86
0.79
0.86
0.88
0.87
0.92
0.86
0.87
0.84
0.92
0.87
0.92
0.91
0.83
0.82
0.87
0.86
0.83
0.75
0.79
0.84
0.92
0.77
0.9
0.9
0.91
0.91
0.83
0.91
0.85
0.92
0.88
0.92
0.96
0.81
0.91
0.82
0.84
0.91
0.81
0.87
0.83
0.93
0.86
0.91
0.86
0.83
0.87
0.84
0.92
0.94
0.91
0.81
0.75
0.83
0.92
0.89
0.88
0.86
0.86
0.83
0.9
0.91
0.89
0.86
0.8
0.84
0.91
0.93
0.84
0.87
0.94
0.9
0.88
0.92
0.9
0.95
0.84
0.79
0.92
0.86
0.71
0.89
0.88
0.91
0.95
0.9
0.87
0.84
0.88
0.81
0.83
0.93
0.85
0.87
0.9
0.92
0.76
0.9
0.93
0.88
0.88
0.92
0.87
0.93
0.91
0.9
0.89
0.8
0.86
0.85
0.91
0.92
0.87
0.89
0.9
0.93
0.92
0.89
0.87
0.91
0.91
0.85
0.82
0.94
0.83
0.89
0.95
0.88
0.87
0.92
0.89
0.8
0.89
0.93
0.93
0.84
0.93
0.91
0.94
0.87
0.68
0.83
0.85
0.87
0.9
0.82
0.85
0.96
0.9
0.84
0.78
0.91
0.82
0.79
0.91
0.82
0.89
0.85
0.82
0.88
0.85
0.95
0.89
0.94
0.91
0.95
0.91
0.84
0.95
0.81
0.85
0.92
0.87
0.9
0.87
0.72
0.86
0.75
0.93
0.85
0.83
0.86
0.84
0.84
0.84
0.89
0.89
0.87
0.92
0.87
0.87
0.96
0.92
0.86
0.79
0.88
0.85
0.83
0.88
0.92
0.93
0.91
0.89
0.91
0.83
0.86
0.84
0.85
0.97
0.84
0.89
0.82
0.88
0.79
0.92
0.86
0.87
0.85
0.88
0.87
0.89
0.94
0.9
0.86
0.83
0.81
0.97
0.86
0.86
0.8
0.83
0.96
0.89
0.9
0.82
0.84
0.87
0.93
0.92
0.9
0.8
0.85
0.91
0.71
0.78
0.9
0.88
0.91
0.83
0.9
0.87
0.94
0.9
0.82
0.92
0.86
0.9
0.92
0.87
0.92
0.71
0.89
0.8
0.79
0.83
0.87
0.84
0.91
0.79
0.89
0.73
0.89
0.91
0.85
0.84
0.9
0.86
0.84
0.76
0.94
0.76
0.93
0.84
0.88
0.79
0.85
0.93
0.88
0.91
0.91
0.86
0.95
0.74
0.96
0.9
0.9
0.86
0.84
0.87
0.93
0.91
0.85
0.88
0.91
0.87
0.95
0.91
0.9
0.89
0.93
0.86
0.79
0.85
0.77
0.88
0.88
0.91
0.94
0.72
0.75
0.85
0.84
0.88
0.87
0.93
0.85
0.89
0.88
0.87
0.77
0.89
0.83
0.96
0.82
0.87
0.87
0.9
0.84
0.88
0.89
0.93
0.82
0.91
0.94
0.8
0.83
0.85
0.83
0.94
0.78
0.8
0.88
0.87
0.81
0.94
0.85
0.86
0.85
0.93
0.87
0.91
0.72
0.89
0.82
0.86
0.83
0.85
0.86
0.91
0.93
0.85
0.89
0.85
0.92
0.85
0.89
0.88
0.65
0.85
0.9
0.85
0.94
0.83
0.9
0.92
0.9
0.84
0.86
0.95
0.87
0.82
0.86
0.93
0.87
0.88
0.95
0.91
0.86
0.93
0.94
0.9
0.86
0.87
0.82
0.94
0.83
0.87
0.88
0.9
0.87
0.84
0.85
0.88
0.79
0.95
0.86
0.76
0.93
0.83
0.83
0.94
0.92
0.83
0.91
0.81
0.78
0.85
0.89
0.81
0.81
0.67
0.89
0.84
0.86
0.93
0.97
0.9
0.95
0.89
0.75
0.89
0.88
0.88
0.84
0.88
0.84
0.86
0.97
0.97
0.91
0.81
0.79
0.92
0.9
0.81
0.95
0.89
0.87
0.92
0.92
0.8
0.93
0.83
0.84
0.85
0.91
0.81
0.9
0.93
0.8
0.91
0.71
0.78
0.91
0.89
0.88
0.89
0.88
0.91
0.9
0.77
0.82
0.78
0.81
0.84
0.81
0.89
0.96
0.78
--UNF_QUERIES_END--
--F_QUERIES--
--F_QUERIES_END--
Time to query the index (unfiltered): 00:00:00.412'744
Average recall score for unfiltered queries: 0.869537
