./bin/main --vamana --stat --dummy --only_unfiltered -n_threads 26 -distance 1 --random_start --no_rgraph --pqueue -extra_edges 15 
Number of threads: 26
Indexing Type: VAMANA
k: 100
L: 100
R: 14
a: 1
Number of extra random edges: 15
Unfiltered
Using priority queue
Not using rgraph initialization
Time to create the index: 00:00:00.787'429
Number of edges: 181071
--UNF_QUERIES--
0.319444
0.3125
0.305556
0.387097
0.25
0.0933333
0.242424
0.323944
0.227273
0.313433
0.246377
0.268657
0.171429
0.298701
0.307692
0.378788
0.152778
0.138889
0.371429
0.225352
0.295775
0.238806
0.152778
0.202899
0.194805
0.30137
0.161765
0.264706
0.136364
0.277778
0.260274
0.289855
0.342466
0.164384
0.283582
0.28
0.1875
0.191781
0.253333
0.257143
0.323944
0.205479
0.333333
0.16
0.253731
0.242857
0.242857
0.157143
0.263889
0.314286
0.197368
0.101449
0.328125
0.230769
0.166667
0.263158
0.289855
0.21519
0.253165
0.15
0.239437
0.186667
0.358209
0.313433
0.296875
0.272727
0.257143
0.219178
0.343284
0.308824
0.285714
0.273973
0.25
0.271429
0.441176
0.294872
0.257143
0.1875
0.271429
0.285714
0.266667
0.362319
0.338028
0.306667
0.264706
0.256757
0.150685
0.261538
0.274194
0.232877
0.289474
0.253731
0.210526
0.293333
0.144737
0.191176
0.220779
0.133333
0.285714
0.28
0.19697
0.232877
0.222222
0.26087
0.305556
0.180556
0.217949
0.146667
0.164179
0.225352
0.26087
0.197183
0.179104
0.290323
0.231884
0.358209
0.202703
0.225352
0.234375
0.202899
0.239437
0.202899
0.283784
0.179487
0.289855
0.376812
0.246575
0.25
0.25
0.314286
0.275
0.30303
0.239437
0.373134
0.214286
0.264706
0.298507
0.188406
0.367089
0.292308
0.428571
0.130435
0.205882
0.186667
0.231884
0.257143
0.228571
0.211268
0.313433
0.202703
0.24
0.205882
0.25
0.226667
0.276316
0.243243
0.297297
0.233766
0.364865
0.225352
0.273973
0.216216
0.225352
0.186667
0.263889
0.260274
0.231884
0.264706
0.305556
0.253521
0.183099
0.246575
0.268657
0.366667
0.166667
0.409091
0.253165
0.140845
0.185714
0.343284
0.253731
0.253731
0.231884
0.266667
0.311688
0.212121
0.357143
0.170732
0.257576
0.263158
0.183099
0.289855
0.228571
0.262295
0.27027
0.243243
0.246377
0.305556
0.318841
0.205479
0.188406
0.291139
0.166667
0.246575
0.239437
0.273973
0.188406
0.164384
0.211268
0.333333
0.352941
0.185714
0.246575
0.212121
0.225
0.235294
0.205882
0.267606
0.276923
0.289855
0.202703
0.16
0.257143
0.2
0.290323
0.236111
0.257576
0.328125
0.25
0.295775
0.235294
0.186667
0.180556
0.264706
0.294118
0.295775
0.268657
0.236111
0.220779
0.155844
0.232877
0.367647
0.189189
0.242857
0.28
0.0972222
0.273973
0.298701
0.306452
0.226667
0.308824
0.246377
0.197183
0.169014
0.289855
0.25
0.323944
0.205128
0.166667
0.347826
0.28
0.357143
0.220779
0.304348
0.185714
0.328767
0.277778
0.246575
0.242857
0.242857
0.242857
0.351351
0.283582
0.21875
0.359375
0.307692
0.197368
0.2
0.2
0.333333
0.266667
0.376812
0.232877
0.275362
0.307692
0.144737
0.333333
0.189873
0.283582
0.305556
0.271186
0.235294
0.214286
0.217391
0.309859
0.397059
0.408451
0.227848
0.193548
0.351351
0.267606
0.171053
0.239437
0.20339
0.32
0.2
0.234375
0.392857
0.26087
0.148649
0.298701
0.267606
0.264706
0.369231
0.179104
0.225352
0.257143
0.246377
0.183099
0.164384
0.289855
0.242857
0.350877
0.333333
0.148649
0.342857
0.238806
0.25
0.289474
0.262295
0.180556
0.333333
0.279412
0.205479
0.333333
0.181818
0.256757
0.231884
0.266667
0.2
0.208955
0.323529
0.279412
0.219178
0.175676
0.235294
0.220779
0.411765
0.169014
0.269231
0.271429
0.220779
0.166667
0.24
0.142857
0.161765
0.191781
0.328767
0.313433
0.318841
0.226667
0.189189
0.333333
0.269841
0.205882
0.220588
0.166667
0.268657
0.152778
0.253521
0.25
0.302632
0.25
0.263158
0.202703
0.268657
0.25
0.289474
0.313433
0.144737
0.293333
0.296875
0.138889
0.362319
0.333333
0.323944
0.283784
0.236111
0.222222
0.193548
0.352941
0.191781
0.225352
0.391304
0.373134
0.265625
0.307692
0.180556
0.264706
0.236842
0.228571
0.217391
0.384615
0.291667
0.239437
0.243243
0.202703
0.30137
0.3125
0.328358
0.205479
0.285714
0.357143
0.202899
0.24
0.378788
0.227273
0.228571
0.15942
0.19697
0.25
0.230769
0.347826
0.173913
0.185714
0.227273
0.285714
0.271429
0.231884
0.347222
0.0985916
0.347826
0.184615
0.2
0.295082
0.231884
0.223881
0.271429
0.114286
0.171053
0.197183
0.179104
0.266667
0.184211
0.246377
0.272727
0.243243
0.176471
0.25
0.236111
0.230769
0.382353
0.222222
0.348485
0.266667
0.214286
0.178082
0.228571
0.225352
0.276316
0.175676
0.316667
0.253731
0.25
0.320988
0.25
0.185185
0.293333
0.271429
0.26087
0.214286
0.279412
0.261538
0.164179
0.25
0.228571
0.353846
0.253731
0.315789
0.171053
0.295775
0.233333
0.293333
0.342105
0.208333
0.234375
0.183099
0.228571
0.253731
0.296875
0.236111
0.19403
0.227273
0.189189
0.246914
0.183099
0.174603
0.212121
0.273973
0.227273
0.269231
0.228571
0.298507
0.309859
0.355932
0.253521
0.243243
0.338235
0.188406
0.1875
0.253731
0.267606
0.246575
0.292308
0.185714
0.211268
0.253731
0.180556
0.253333
0.178082
0.283582
0.313433
0.30137
0.180556
0.283582
0.365079
0.272727
0.173913
0.265625
0.328571
0.35
0.152778
0.175676
0.228571
0.4
0.393939
0.15942
0.319444
0.352941
0.253968
0.234375
0.333333
0.414286
0.191781
0.191176
0.192308
0.111111
0.141026
0.188406
0.246575
0.19697
0.3
0.208333
0.268657
0.262295
0.25
0.217391
0.385714
0.276316
0.28125
0.235294
0.219178
0.171053
0.240506
0.347826
0.253731
0.253333
0.338235
0.236111
0.242857
0.261538
0.309859
0.28169
0.256757
0.189189
0.225352
0.26087
0.22973
0.246377
0.202532
0.173333
0.333333
0.222222
0.222222
0.121212
0.272727
0.352113
0.202703
0.297297
0.323944
0.378788
0.289855
0.343284
0.328125
0.264706
0.242424
0.15493
0.211268
0.148649
0.257576
0.153846
0.241935
0.226667
0.253968
0.42029
0.318182
0.362319
0.205479
0.402985
0.184211
0.253731
0.205479
0.3
0.343284
0.228571
0.397059
0.338028
0.272727
0.28125
0.30303
0.24359
0.231884
0.26087
0.188406
0.293333
0.402985
0.205479
0.233766
0.202899
0.362319
0.239437
0.133333
0.319444
0.246575
0.272727
0.238806
0.264706
0.22973
0.186667
0.238806
0.215385
0.180556
0.371429
0.356164
0.304348
0.112676
0.173913
0.175676
0.319444
0.183099
0.214286
0.298507
0.390625
0.324675
0.202703
0.183099
0.253521
0.191176
0.310811
0.157143
0.211268
0.269841
0.183099
0.285714
0.242857
0.271429
0.246377
0.352941
0.16
0.323529
0.15493
0.235294
0.151515
0.266667
0.257576
0.311475
0.304348
0.211268
0.267606
0.197183
0.305556
0.343284
0.118421
0.292308
0.217391
0.219178
0.289855
0.289855
0.306667
0.298507
0.191176
0.219178
0.264706
0.328767
0.414286
0.25
0.246575
0.24
0.253333
0.205479
0.28
0.357143
0.354839
0.253521
0.273973
0.185714
0.171053
0.206349
0.186667
0.188406
0.212121
0.231884
0.166667
0.30137
0.188406
0.271429
0.225806
0.363636
0.275362
0.203125
0.257143
0.402778
0.471429
0.213115
0.276923
0.223684
0.257576
0.385714
0.242857
0.268657
0.261538
0.368421
0.253731
0.337662
0.351351
0.367647
0.220588
0.208955
0.211268
0.272727
0.264706
0.358209
0.183099
0.239437
0.304348
0.257576
0.191781
0.313433
0.208333
0.19697
0.4
0.236111
0.236111
0.246753
0.194805
0.253731
0.30137
0.202703
0.136364
0.123288
0.197183
0.275362
0.279412
0.209677
0.295775
0.21875
0.26087
0.123077
0.219178
0.227848
0.314286
0.173913
0.179104
0.228571
0.25
0.263158
0.104478
0.22973
0.25
0.311688
0.267606
0.230769
0.151515
0.446154
0.176471
0.258065
0.328767
0.246377
0.28125
0.28
0.273973
0.30137
0.328571
0.290909
0.202703
0.144928
0.208333
0.256757
0.355932
0.173333
0.333333
0.295775
0.358209
0.30303
0.28
0.216216
0.184615
0.333333
0.289855
0.266667
0.236842
0.25
0.241935
0.166667
0.211268
0.306452
0.295775
0.282051
0.367647
0.22973
0.323529
0.442857
0.225352
0.5
0.307692
0.222222
0.260274
0.230769
0.239437
0.208333
0.363636
0.150685
0.319444
0.238806
0.19697
0.279412
0.197183
0.231884
0.214286
0.30303
0.257143
0.147059
0.232877
0.295775
0.26087
0.277778
0.266667
0.171875
0.304348
0.194444
0.27027
0.323529
0.205479
0.253521
0.26087
0.184211
0.197183
0.381579
0.267606
0.333333
0.285714
0.214286
0.253521
0.242857
0.2
0.239437
0.3
0.220588
0.267606
0.355932
0.212121
0.297297
0.338235
0.304348
0.333333
0.315068
0.173913
0.25
0.268657
0.253968
0.183099
0.3
0.327869
0.267606
0.186667
0.213333
0.217391
0.295082
0.223684
0.128571
0.275362
0.243243
0.183099
0.208333
0.214286
0.353846
0.180556
0.342105
0.173913
0.246377
0.271429
0.233766
0.219178
0.197368
0.171875
0.253521
0.261538
0.24
0.263158
0.333333
0.220588
0.138462
0.278689
0.30303
0.253333
0.25
0.243243
0.310811
0.166667
0.277778
0.271429
0.333333
0.207792
0.220779
0.269841
0.194444
0.342466
0.211268
0.25
0.214286
0.235294
0.169014
0.253165
0.272727
0.313433
0.219178
0.276923
0.264706
0.341772
0.180556
0.405797
0.388889
0.209877
0.220588
0.219178
0.15942
0.225352
0.287671
0.208333
0.157143
0.208333
0.26087
0.174603
0.130435
0.24
0.219178
0.266667
0.157143
0.264706
0.246575
0.214286
0.380282
0.226667
0.242857
0.191176
0.25
0.246753
0.25
0.191176
0.236842
0.298507
0.276316
0.211268
0.25
0.278689
0.266667
0.2
0.263889
0.263158
0.178082
0.194805
0.287879
0.282051
0.289855
0.213333
0.290323
0.136986
0.3125
0.178082
0.164179
0.2
0.264706
0.140845
0.147059
0.260274
0.22973
0.179104
0.202899
0.202703
0.238806
0.328571
0.166667
0.15942
0.19403
0.289855
0.273973
0.26087
0.307692
0.267606
0.257143
0.367647
0.343284
0.153846
0.181818
0.227848
0.338462
0.283582
0.16
0.276923
0.231884
0.4
0.223881
0.223529
0.253333
0.134328
0.352941
0.306452
0.191781
0.25
0.169014
0.222222
0.166667
0.391892
0.211268
0.3
0.323529
0.353846
0.25
0.269841
0.34375
0.220588
0.164384
0.231884
0.149254
0.220588
0.16
0.197183
0.30303
0.161765
0.216216
0.264706
0.217391
0.205882
0.223684
0.253521
0.25
0.283582
0.287879
0.202899
0.264706
0.185714
0.361111
0.0806452
0.258065
0.22973
0.283582
0.40625
0.313433
0.263889
0.236111
0.367647
0.108108
0.223684
0.222222
0.191176
0.231884
0.246575
0.15
0.279412
0.203125
0.164384
0.205882
0.210526
0.277778
0.229508
0.243243
0.166667
0.402985
0.236111
0.352941
0.242857
0.315789
0.208955
0.121622
0.25
0.253333
0.202703
0.305556
0.362069
0.275362
0.185714
0.197368
0.25
0.164384
0.222222
0.253333
0.323529
0.291667
0.212121
0.233333
0.157895
0.1875
0.283582
0.446154
0.222222
0.268657
0.263889
0.260274
0.263158
0.236111
0.361111
0.239437
0.263889
0.166667
0.291667
0.323529
0.285714
0.191781
0.2
0.212121
0.2
0.304348
0.292308
0.236111
0.4
0.161765
0.191781
0.260274
0.27027
0.217391
0.279412
0.306452
0.293333
0.217949
0.30137
0.208955
0.2125
0.276923
0.184615
0.301587
0.28169
0.296875
0.254237
0.373134
0.171429
0.241935
0.323529
0.166667
0.293333
0.3
0.285714
0.212121
0.28125
0.292308
0.275362
0.25641
0.268657
0.369231
0.194444
0.225352
0.271429
0.363636
0.232877
0.197183
0.28169
0.289855
0.243243
0.191176
0.211268
0.207792
0.304348
0.144737
0.297297
0.308824
0.202899
0.194444
0.166667
0.342857
0.151515
0.246154
0.315068
0.25
0.160494
0.126761
0.175676
0.236842
0.269841
0.231884
0.227273
0.253521
0.239437
0.294118
0.267606
0.227273
0.202899
0.176471
0.287879
0.285714
0.242857
0.267606
0.185714
0.2
0.289474
0.333333
0.239437
0.228571
0.225352
0.126582
0.294118
0.205882
0.2
0.359375
0.22973
0.169231
0.314286
0.283784
0.214286
0.230769
0.2
0.257143
0.234375
0.189189
0.333333
0.227273
0.241935
0.27027
0.203125
0.333333
0.257143
0.222222
0.169231
0.295775
0.305556
0.223881
0.285714
0.338235
0.257576
0.214286
0.323077
0.297297
0.24
0.269231
0.260274
0.197183
0.273973
0.323077
0.257143
0.233333
0.19403
0.217391
0.2
0.202899
0.342857
0.228571
0.205479
0.278689
0.268657
0.166667
0.208955
0.185714
0.253521
0.28
0.181818
0.292308
0.19697
0.213333
0.242424
0.376812
0.25
0.16
0.150685
0.171429
0.152778
0.25
0.22973
0.294118
0.2
0.298507
0.342857
0.216216
0.230769
0.220779
0.264706
0.211268
0.405797
0.216216
0.189189
0.287879
0.186667
0.3
0.197368
0.26087
0.135135
0.285714
0.223684
0.202899
0.25
0.328767
0.191176
0.338028
0.217391
0.222222
0.243243
0.164179
0.295082
0.140845
0.212121
0.216216
0.308824
0.230769
0.257576
0.347222
0.241935
0.3
0.223684
0.225352
0.267606
0.338462
0.314286
0.239437
0.263889
0.236111
0.205882
0.316667
0.169231
0.223881
0.291667
0.208955
0.260274
0.126582
0.147059
0.267606
0.30137
0.3
0.365079
0.257143
0.232877
0.287671
0.239437
0.253731
0.243243
0.230769
0.185714
0.25974
0.25
0.291667
0.257576
0.426471
0.343284
0.256757
0.242857
0.214286
0.351351
0.263889
0.184615
0.348485
0.25
0.28
0.128571
0.25
0.194444
0.322034
0.220588
0.28
0.2
0.22973
0.134328
0.179104
0.256757
0.402778
0.324324
0.352941
0.315789
0.24
0.19403
0.239437
0.307692
0.2
0.231884
0.22973
0.153846
0.293333
0.272727
0.369863
0.289474
0.171429
0.171053
0.246575
0.157143
0.140845
0.275362
0.185714
0.164179
0.257576
0.238095
0.268657
0.211268
0.295775
0.380952
0.295775
0.453333
0.276923
0.28169
0.246377
0.310811
0.197183
0.217391
0.181818
0.28169
0.238806
0.208333
0.219178
0.232877
0.246154
0.271429
0.235294
0.216216
0.30137
0.36
0.384615
0.2
0.264706
0.3
0.35
0.324324
0.25
0.24
0.318182
0.263889
0.257576
0.239437
0.202899
0.202703
0.291667
0.295775
0.297297
0.25
0.183099
0.261538
0.202703
0.304348
0.2
0.289855
0.188406
0.205882
0.257143
0.205882
0.342857
0.235294
0.101449
0.27027
0.310811
0.319444
0.253731
0.271429
0.31746
0.271429
0.178082
0.308824
0.347222
0.356164
0.197368
0.291667
0.217391
0.246753
0.239437
0.208333
0.246575
0.202703
0.323529
0.109589
0.148649
0.271429
0.257143
0.318841
0.294118
0.28125
0.277778
0.214286
0.191781
0.352113
0.24
0.28169
0.241935
0.314286
0.263889
0.318841
0.271429
0.305556
0.298507
0.412698
0.28
0.246575
0.253731
0.298701
0.390625
0.183099
0.19403
0.223881
0.318841
0.236111
0.171875
0.260274
0.268657
0.257576
0.287671
0.219178
0.323944
0.28169
0.338235
0.295775
0.220588
0.285714
0.246377
0.3
0.236111
0.227273
0.214286
0.272727
0.179104
0.298701
0.447761
0.260274
0.214286
0.25
0.364865
0.344262
0.236111
0.30137
0.328125
0.287671
0.214286
0.246154
0.185714
0.171429
0.42029
0.228571
0.257143
0.274194
0.191781
0.285714
0.222222
0.26087
0.253968
0.230769
0.253731
0.25
0.279412
0.287879
0.264706
0.375
0.246377
0.25974
0.283784
0.189189
0.242857
0.292308
0.323077
0.31746
0.275362
0.263158
0.152778
0.328571
0.236842
0.162162
0.263889
0.264706
0.283582
0.239437
0.305085
0.283582
0.173913
0.3
0.295775
0.264706
0.357143
0.215385
0.319444
0.309859
0.117647
0.298701
0.19403
0.185714
0.333333
0.257576
0.223881
0.306667
0.228571
0.162162
0.166667
0.283582
0.291667
0.397059
0.36
0.158537
0.191781
0.282051
0.226667
0.376812
0.194444
0.222222
0.25
0.194444
0.220588
0.25974
0.28169
0.246154
0.308824
0.166667
0.265625
0.324324
0.275362
0.324324
0.257576
0.186667
0.208333
0.236111
0.279412
0.264706
0.169014
0.178082
0.301587
0.242857
0.20339
0.269841
0.253521
0.266667
0.347826
0.235294
0.214286
0.264706
0.343284
0.277778
0.373134
0.12
0.279412
0.176471
0.416667
0.166667
0.214286
0.222222
0.225806
0.293333
0.267606
0.382353
0.15493
0.25
0.1875
0.169014
0.25974
0.353846
0.188406
0.294118
0.373134
0.213333
0.289474
0.189189
0.271429
0.4
0.225352
0.223684
0.239437
0.338028
0.384615
0.180556
0.323944
0.283784
0.343284
0.175676
0.189189
0.192308
0.274194
0.236111
0.268657
0.186667
0.238095
0.227273
0.241379
0.313433
0.313433
0.292308
0.230769
0.197368
0.276316
0.347222
0.275362
0.166667
0.208333
0.173333
0.333333
0.264706
0.242857
0.314286
0.28169
0.313433
0.279412
0.25
0.359375
0.267606
0.157143
0.276923
0.338983
0.216216
0.361111
0.26087
0.298507
0.242424
0.253521
0.215385
0.277778
0.257143
0.202703
0.253968
0.30137
0.171429
0.28125
0.222222
0.333333
0.235294
0.337838
0.208333
0.328571
0.183099
0.226667
0.180556
0.314286
0.352113
0.297297
0.236842
0.207792
0.166667
0.0958904
0.285714
0.164384
0.246154
0.186667
0.171429
0.230769
0.327869
0.236111
0.208955
0.208333
0.328767
0.235294
0.275362
0.363636
0.157143
0.242857
0.289855
0.232877
0.24
0.194444
0.234568
0.306667
0.219178
0.242857
0.315068
0.153846
0.291667
0.1875
0.352113
0.271429
0.226667
0.3
0.253968
0.294118
0.227848
0.385714
0.223684
0.147059
0.22973
0.194444
0.225352
0.219178
0.309859
0.166667
0.238806
0.257143
0.315068
0.289855
0.220588
0.253333
0.228571
0.294118
0.267606
0.213333
0.290323
0.261538
0.263158
0.146667
0.0921053
0.220588
0.243243
0.365079
0.232877
0.26087
0.294118
0.347222
0.175676
0.223881
0.3125
0.112676
0.27027
0.188406
0.365079
0.257576
0.278481
0.253731
0.297297
0.2
0.216216
0.25
0.292308
0.271429
0.327869
0.242857
0.30137
0.194444
0.225806
0.246154
0.212121
0.3
0.184615
0.267606
0.220588
0.166667
0.186667
0.123457
0.308824
0.267606
0.202703
0.181818
0.231884
0.260274
0.297297
0.378788
0.328571
0.236842
0.205479
0.246575
0.21875
0.239437
0.322581
0.232877
0.233333
0.307692
0.161765
0.150685
0.289855
0.279412
0.189189
0.246575
0.208955
0.174603
0.273973
0.359375
0.393443
0.232877
0.238806
0.2
0.26087
0.289855
0.4
0.256757
0.231884
0.211268
0.328358
0.194444
0.328947
0.136986
0.352113
0.161765
0.253968
0.318182
0.246575
0.169014
0.208955
0.296875
0.301587
0.260274
0.189189
0.275362
0.222222
0.242424
0.178082
0.236111
0.216667
0.241935
0.289855
0.189873
0.302632
0.230769
0.239437
0.16
0.181818
0.253521
0.232877
0.242857
0.205479
0.318841
0.333333
0.359375
0.294118
0.242857
0.191781
0.176471
0.338983
0.43662
0.180556
0.25
0.267606
0.190476
0.135135
0.333333
0.287879
0.352113
0.298507
0.214286
0.275362
0.337838
0.297297
0.351351
0.239437
0.166667
0.298507
0.253731
0.220779
0.185714
0.228571
0.217949
0.269231
0.387097
0.205479
0.253731
0.291667
0.253521
0.220779
0.318182
0.205479
0.306452
0.225352
0.185714
0.217391
0.205479
0.383562
0.333333
0.161765
0.202899
0.216216
0.180556
0.189189
0.301587
0.283784
0.150685
0.25
0.271429
0.225352
0.342857
0.125
0.242424
0.337838
0.235294
0.260274
0.171053
0.359375
0.222222
0.220588
0.328358
0.397059
0.179487
0.323077
0.276316
0.213115
0.362319
0.191176
0.257143
0.184211
0.157895
0.316667
0.357143
0.357143
0.275362
0.19403
0.405797
0.234375
0.166667
0.294118
0.246377
0.260274
0.272727
0.309859
0.203125
0.242857
0.304348
0.146667
0.239437
0.342466
0.292308
0.285714
0.337838
0.337838
0.267606
0.175676
0.253521
0.202899
0.189189
0.246154
0.211268
0.194444
0.179104
0.264706
0.256757
0.279412
0.180556
0.263158
0.232877
0.32
0.191781
0.208333
0.193548
0.283582
0.297297
0.238095
0.304348
0.342466
0.264706
0.194444
0.234375
0.235294
0.295775
0.287671
0.2
0.214286
0.205882
0.194444
0.277778
0.3
0.131148
0.268657
0.184615
0.357143
0.242424
0.238806
0.283784
0.363636
0.189189
0.328125
0.338028
0.257143
0.263889
0.184211
0.268657
0.223684
0.246377
0.305556
0.236111
0.202899
0.239437
0.210526
0.157143
0.242857
0.220588
0.152778
0.363636
0.133333
0.19697
0.183099
0.4375
0.22973
0.233766
0.271429
0.202899
0.351351
0.277778
0.514706
0.202899
0.214286
0.309859
0.292308
0.188406
0.146667
0.15493
0.293333
0.191781
0.147059
0.294118
0.382353
0.246377
0.30137
0.271429
0.216216
0.309859
0.225352
0.260274
0.267606
0.230769
0.210526
0.216216
0.215385
0.180556
0.246377
0.257143
0.173913
0.185714
0.150685
0.376812
0.210526
0.173913
0.253333
0.184211
0.265625
0.228571
0.232877
0.447761
0.227273
0.289855
0.189189
0.215385
0.217391
0.323944
0.217391
0.257143
0.157895
0.287671
0.275
0.239437
0.285714
0.356164
0.234375
0.232877
0.267606
0.308824
0.222222
0.15493
0.253968
0.186667
0.209677
0.236842
0.28169
0.246377
0.323077
0.242857
0.364865
0.157143
0.323529
0.246377
0.136986
0.2
0.308824
0.235294
0.328358
0.19403
0.275362
0.215385
0.169231
0.323529
0.21519
0.273973
0.242857
0.267606
0.213333
0.157143
0.31746
0.0933333
0.230769
0.342857
0.289855
0.236111
0.28125
0.236842
0.298507
0.318841
0.215385
0.220339
0.217391
0.25
0.303571
0.285714
0.214286
0.243243
0.228571
0.366197
0.285714
0.333333
0.25
0.328571
0.190476
0.25
0.333333
0.223881
0.277778
0.338028
0.169014
0.236111
0.360656
0.260274
0.223684
0.205882
0.216216
0.197183
0.507463
0.126761
0.311688
0.173333
0.308642
0.293333
0.231884
0.19403
0.134328
0.294118
0.3
0.230769
0.220588
0.236111
0.359375
0.2
0.181818
0.276923
0.192308
0.1875
0.194444
0.283784
0.328358
0.257143
0.266667
0.219178
0.22973
0.291667
0.246575
0.313433
0.197183
0.294118
0.2
0.265625
0.275362
0.313433
0.298507
0.176471
0.28125
0.217391
0.202899
0.323944
0.173913
0.30303
0.236111
0.227848
0.285714
0.203125
0.152778
0.223881
0.426471
0.222222
0.178082
0.1875
0.319444
0.223881
0.296875
0.231884
0.338028
0.238095
0.246154
0.239437
0.25
0.275362
0.256757
0.211268
0.205882
0.202899
0.285714
0.205479
0.287671
0.22973
0.257143
0.230769
0.25
0.171429
0.323077
0.305556
0.228571
0.268657
0.328125
0.25
0.164557
0.285714
0.305556
0.305556
0.246575
0.217391
0.273973
0.215385
0.219178
0.138889
0.273973
0.246377
0.231884
0.17284
0.220588
0.424658
0.25
0.271429
0.318182
0.205479
0.309859
0.229508
0.274194
0.279412
0.253521
0.253521
0.2
0.315789
0.229508
0.385714
0.271429
0.219178
0.2
0.161765
0.357143
0.253968
0.183099
0.272727
0.220588
0.213333
0.243243
0.236111
0.220588
0.246377
0.28125
0.202899
0.283582
0.227273
0.309859
0.323944
0.253521
0.304348
0.253521
0.289474
0.210526
0.189189
0.253731
0.253731
0.203125
0.212121
0.162162
0.260274
0.19697
0.26087
0.231884
0.302632
0.318841
0.19403
0.253521
0.263158
0.202703
0.222222
0.245902
0.238806
0.260274
0.405797
0.253731
0.266667
0.370968
0.214286
0.220588
0.25
0.308824
0.223684
0.2
0.219178
0.178082
0.242424
0.275
0.260274
0.277778
0.118421
0.235294
0.287671
0.239437
0.337838
0.176471
0.164384
0.253731
0.146667
0.233766
0.287879
0.253968
0.253731
0.188406
0.219178
0.359375
0.239437
0.272727
0.211268
0.328358
0.260274
0.234375
0.116883
0.111111
0.25
0.231884
0.22973
0.19697
0.26087
0.217949
0.370968
0.258621
0.21875
0.183333
0.205882
0.265625
0.2
0.184211
0.239437
0.298507
0.333333
0.21875
0.257576
0.220588
0.338462
0.295082
0.12
0.3125
0.434783
0.342857
0.298507
0.261538
0.328767
0.173333
0.27027
0.234568
0.25
0.319444
0.242424
0.212121
0.295082
0.265625
0.223881
0.313433
0.25
0.28169
0.225352
0.174603
0.315789
0.236111
0.166667
0.239437
0.191176
0.236842
0.295775
0.309859
0.291667
0.25
0.290323
0.205882
0.34375
0.240506
0.308824
0.212121
0.216216
0.222222
0.246377
0.333333
0.223881
0.363636
0.181818
0.242857
0.295775
0.228571
0.233766
0.297297
0.2375
0.285714
0.191176
0.205128
0.291667
0.28169
0.228571
0.310811
0.144928
0.328358
0.323529
0.226667
0.307692
0.246377
0.173913
0.197183
0.15942
0.257576
0.267606
0.257143
0.225352
0.246377
0.236111
0.215385
0.294118
0.1875
0.25
0.194444
0.173913
0.308824
0.191781
0.105263
0.208955
0.223684
0.285714
0.287879
0.239437
--UNF_QUERIES_END--
--F_QUERIES--
--F_QUERIES_END--
Time to query the index (unfiltered): 00:00:00.565'418
Average recall score for unfiltered queries: 0.252295
