./bin/main --stitched --stat --dummy -n_threads 26 -distance 0 --no_rgraph --pqueue -extra_edges 15 
Number of threads: 26
Indexing Type: STITCHED_VAMANA
k: 100
L: 100
R: 14
a: 1
Rsmall: 14
Number of extra random edges: 15
Unfiltered
Filtered
Using priority queue
Not using rgraph initialization
Time to create the index: 00:00:08.259'732
Number of edges: 222031
--UNF_QUERIES--
0.72549
1
1
1
1
0.923077
1
1
1
1
1
1
1
1
1
0.941176
1
1
1
0.829787
0.911111
1
0.904762
0.9
1
1
1
1
1
1
0.90566
1
1
1
1
1
1
1
0.888889
1
1
1
1
0.78
0.58
1
0.880952
1
1
1
1
1
1
1
1
0.836735
0.891304
1
0.867925
1
1
1
1
1
1
1
0.916667
1
0.5625
0.957447
1
0.923077
1
1
1
1
1
1
0.923077
1
1
1
1
1
1
1
1
1
1
0.928571
1
1
1
1
1
1
0.9
1
1
0.897959
1
1
1
0.8125
1
1
0.818182
0.851064
1
1
1
1
0.931818
0.632653
1
1
1
1
1
1
1
1
1
0.772727
1
1
1
1
1
1
1
1
1
1
0.837209
1
1
1
0.951219
1
1
1
1
1
1
0.877551
1
1
1
1
0.957447
1
1
1
1
1
0.909091
0.979167
1
1
1
1
0.891304
1
1
0.863636
1
1
1
1
1
0.954545
1
1
0.925926
1
0.829268
1
1
1
0.959184
1
1
1
1
1
1
0.944444
1
0.921569
1
1
1
1
1
0.93617
1
1
1
0.923077
1
1
1
1
1
1
0.82
1
0.911111
1
0.86
1
1
1
0.893617
1
1
0.918367
1
1
1
0.914894
1
0.9375
0.930233
0.98
1
1
1
1
0.733333
1
0.764706
1
1
1
0.954545
0.851852
1
1
0.777778
1
1
1
1
1
1
1
1
1
1
1
1
1
1
1
0.853659
1
1
1
0.93617
1
1
1
1
1
0.729167
1
1
0.933333
1
0.822222
1
1
1
1
1
1
1
1
0.895833
1
1
0.862745
1
1
1
1
1
1
1
1
1
1
1
1
0.693878
0.862745
0.790698
1
1
1
1
1
1
1
0.72
1
1
1
1
1
1
1
1
1
1
0.861111
1
1
1
1
1
0.829787
1
1
1
1
0.8125
0.836735
1
1
1
0.795918
1
1
1
1
1
0.711111
1
1
0.954545
1
1
1
1
1
1
0.980769
1
1
0.74359
1
1
1
1
0.842105
1
0.784314
0.785714
1
0.916667
1
0.921569
1
1
1
0.86
1
1
0.959184
1
1
0.891304
1
1
1
0.72
0.93617
1
1
1
1
1
1
1
1
1
1
1
1
1
1
1
1
1
0.931818
1
1
0.909091
1
1
1
1
1
1
1
1
1
0.863636
1
1
1
1
1
0.777778
1
1
1
1
0.86
1
1
1
1
1
0.92
1
1
1
1
1
1
1
1
1
0.980769
0.727273
1
1
1
0.977273
1
1
1
1
1
1
0.933333
1
0.931818
1
1
1
1
0.781818
1
1
1
1
1
1
0.782609
0.846154
0.938776
1
1
0.744681
1
1
0.957447
1
1
1
1
1
1
1
1
1
1
1
1
0.955556
1
1
1
1
1
1
1
1
1
1
1
0.837209
1
1
1
1
1
1
1
1
1
1
1
0.925
1
1
0.890909
1
1
1
0.955556
1
1
0.975
1
1
1
1
1
1
1
1
1
1
1
1
1
1
1
1
1
1
0.95
1
0.846154
1
1
0.977273
1
1
1
0.951219
1
0.956522
1
1
1
1
1
1
1
1
0.878049
0.911765
0.74
1
1
1
1
0.886364
1
1
1
1
0.744186
0.966667
0.955556
1
1
1
0.901961
1
0.853659
1
1
1
1
1
1
1
1
1
1
0.686275
1
1
1
1
1
1
1
1
0.902439
1
0.66
1
1
0.880952
1
1
1
1
0.825
1
1
1
1
1
1
1
1
1
0.877551
1
1
1
1
1
1
1
1
0.958333
0.877551
0.94
1
1
1
0.871795
1
0.703704
1
1
1
0.75
1
1
1
0.878049
1
1
1
1
1
1
1
1
1
1
1
0.818182
1
1
0.823529
1
1
1
1
1
1
0.780488
0.923077
1
1
1
1
1
1
1
1
1
1
1
1
1
1
1
1
0.976744
1
1
1
1
1
1
1
1
1
1
1
0.843137
1
1
1
1
1
1
1
1
0.979592
1
1
0.86
1
1
1
1
1
1
1
1
1
1
1
1
1
1
1
1
1
1
1
1
0.974359
1
1
1
1
1
1
1
1
1
1
1
1
1
1
1
1
1
0.959184
0.955556
1
0.888889
0.862745
1
1
1
0.72973
0.97619
1
1
1
0.962264
1
1
1
1
1
1
1
1
1
0.809524
1
0.837209
0.87037
1
1
0.952381
1
0.755102
1
0.971429
1
1
1
0.974359
1
1
1
1
1
0.958333
0.977778
1
1
1
1
1
1
1
1
1
1
1
1
1
1
1
0.68
1
0.926829
1
1
0.977778
1
1
1
1
1
1
1
1
1
1
0.784314
0.744681
1
1
1
0.782609
1
1
1
1
0.959184
1
0.888889
1
0.88
0.941176
1
1
1
1
1
1
1
1
1
1
0.842105
1
1
1
1
1
0.770833
1
1
0.951219
1
1
1
1
1
1
1
0.804878
1
1
1
1
0.958333
1
1
0.696429
1
1
0.931818
1
1
1
1
1
0.833333
1
1
1
1
1
0.888889
1
1
1
0.9375
1
1
1
1
1
1
0.962963
1
1
1
1
1
0.88
1
1
1
1
1
1
1
1
1
1
1
1
1
1
1
0.97619
1
1
1
0.86
1
1
1
1
1
1
1
1
1
1
1
1
1
0.886364
1
1
1
1
1
1
1
0.959184
1
1
1
1
1
0.918367
1
1
1
1
1
0.974359
1
1
0.98
0.979592
1
1
0.804348
1
1
1
1
1
1
1
1
0.958333
0.862745
0.866667
0.918367
1
1
1
1
0.958333
1
1
0.816327
1
0.852941
1
1
1
1
1
1
1
1
0.880952
1
1
0.872727
1
1
0.979167
1
1
1
0.8125
1
1
1
1
1
0.979592
1
1
1
1
1
1
1
0.791667
1
1
1
1
1
0.947368
1
1
1
1
1
0.980392
0.865385
1
1
1
1
1
1
1
1
1
1
0.705882
0.877551
1
1
1
1
1
1
1
1
1
1
1
1
1
1
0.833333
1
0.90566
1
0.97561
0.840909
1
0.893617
1
1
0.954545
0.921053
1
1
1
1
1
1
1
1
1
1
1
1
1
1
1
1
1
0.794872
1
1
0.901961
1
1
1
1
1
1
1
1
1
0.906977
1
1
1
1
1
1
1
1
0.925
1
1
1
1
1
0.97561
1
1
1
1
1
1
1
1
1
1
1
1
0.76087
1
1
0.596491
1
0.75
1
1
0.857143
0.811321
1
0.642857
1
1
1
1
1
1
0.957447
1
1
1
1
1
1
1
1
1
1
0.916667
1
1
1
1
1
1
1
1
1
1
1
1
1
1
1
0.857143
1
1
1
1
1
1
1
0.725
0.931818
0.878049
0.976744
1
1
1
1
1
1
0.921053
1
1
1
1
1
0.837209
1
0.928571
1
1
1
1
1
1
0.956522
1
1
1
0.528302
1
1
1
1
0.59322
1
0.95
1
1
1
1
1
1
1
1
0.977273
1
0.969697
0.978261
1
1
1
0.755556
1
1
1
1
1
1
1
0.803922
1
0.977273
1
1
0.864865
0.820513
1
1
1
1
1
1
1
0.641026
1
1
0.941176
1
1
0.957447
1
1
0.94
1
0.92
1
0.978261
1
0.877551
0.9375
1
1
1
0.977778
1
1
1
0.86
1
0.924528
1
1
1
1
1
1
1
1
0.820513
0.741935
1
1
1
1
1
1
0.903846
1
1
1
0.888889
0.87037
1
1
1
1
1
1
1
1
1
1
1
1
1
1
1
1
1
1
0.787234
1
1
1
1
1
1
1
1
1
1
0.816327
1
0.916667
1
0.979592
0.85
1
0.976744
1
1
1
1
0.9
1
1
1
0.826087
1
1
1
1
1
1
1
1
1
1
0.769231
1
1
1
0.978261
1
1
1
1
1
0.96
1
1
1
0.974359
1
1
1
1
1
1
1
1
1
1
0.98
0.767442
1
1
1
1
1
1
1
1
1
1
1
1
1
1
1
1
1
1
1
0.868421
1
1
1
1
1
1
0.895833
1
1
1
1
1
1
1
1
0.955556
0.924528
1
1
1
1
1
1
1
1
1
1
0.58
1
0.808511
1
1
1
1
1
1
1
0.973684
0.95
1
1
1
1
0.840909
1
1
0.869565
1
1
1
1
1
1
0.9375
1
0.872727
1
1
1
1
0.972973
1
1
0.951219
1
1
0.822222
0.666667
1
1
0.959184
1
1
1
1
1
1
1
1
0.955556
1
1
1
1
1
1
1
1
1
1
1
1
0.890909
0.872727
1
1
1
0.761905
0.96
1
0.921053
1
1
1
1
0.938776
1
1
1
0.891304
1
1
1
1
1
1
1
1
1
1
1
1
1
1
1
1
1
1
1
1
0.847826
1
1
1
1
0.695652
1
1
1
1
1
0.97561
1
1
1
1
0.87234
1
1
0.8125
0.978261
1
1
1
1
1
1
1
1
1
1
1
1
1
1
1
1
1
1
0.978723
1
0.902439
1
1
1
1
1
1
1
1
1
1
1
0.94
0.974359
1
1
1
1
1
1
0.882353
1
0.680851
1
1
1
1
1
1
0.854167
1
0.958333
1
1
1
0.7
1
1
0.853659
1
0.954545
1
1
1
0.738095
1
1
1
1
0.795918
1
1
1
1
1
1
1
1
0.782609
0.897959
0.904762
1
1
1
1
1
0.604651
1
0.74
1
1
1
1
1
1
1
1
1
1
1
1
0.854545
1
1
1
0.795455
1
1
0.836364
1
0.755556
1
1
1
1
1
1
1
1
0.86
1
1
1
0.8125
0.893617
1
1
1
1
0.877551
1
1
1
1
1
1
1
1
1
1
1
1
1
1
0.891304
1
1
1
1
1
1
1
1
1
1
0.886792
1
1
1
1
0.901961
0.866667
1
1
1
1
1
1
1
1
1
1
0.978723
1
0.960784
0.884615
1
1
1
1
1
1
1
1
1
1
0.714286
1
1
1
1
0.941176
0.961538
1
1
1
1
1
1
0.9375
1
1
1
1
1
1
1
1
0.886364
1
1
1
0.959184
1
1
1
1
1
1
1
1
0.916667
0.863636
1
1
1
1
0.979167
0.933333
1
0.974359
1
1
1
1
0.692308
1
1
1
1
1
0.822222
1
0.73913
0.97561
1
1
1
1
1
0.853659
1
1
1
1
1
1
0.87234
0.957447
1
1
1
1
1
1
1
1
0.959184
0.9375
1
0.901961
1
0.956522
1
1
1
1
1
1
1
1
1
0.825
1
1
1
0.657895
1
1
1
1
1
1
1
1
1
0.755102
1
1
1
1
0.72
1
1
1
1
1
1
0.893617
1
1
1
0.980392
1
0.883721
1
1
1
0.795455
1
1
1
0.98
1
1
1
1
1
1
0.862745
1
1
1
1
1
0.769231
1
1
1
1
1
1
1
1
1
0.877193
0.745098
1
1
1
1
0.977778
0.97619
0.975
0.851064
1
0.891304
0.6
1
1
1
1
1
1
0.979592
0.8
0.909091
1
1
1
1
1
1
1
1
0.931818
1
1
1
1
1
1
0.913043
1
1
1
0.976744
0.913043
1
1
1
1
1
1
1
1
0.825
1
1
1
1
1
0.931818
1
0.959184
0.869565
1
1
0.931818
1
1
1
1
1
1
1
1
1
1
1
0.930233
0.888889
1
1
1
1
1
1
1
1
1
1
1
1
1
0.924528
1
1
1
0.895833
1
1
1
1
1
1
1
1
1
0.844444
1
1
1
1
1
1
1
1
1
1
1
0.97619
1
1
1
1
1
0.882353
1
1
0.789474
1
1
1
1
1
1
1
1
1
1
1
1
1
1
1
0.849057
0.658537
0.729167
1
1
1
1
1
1
1
1
1
1
1
0.962963
1
1
1
1
1
1
1
1
1
1
1
0.978261
1
1
1
1
1
1
0.977778
0.829787
1
1
0.642857
0.906977
1
0.946429
1
1
1
1
0.787234
1
1
1
1
1
1
1
1
1
1
1
0.957447
1
1
1
0.690909
0.895833
1
1
1
1
1
1
1
1
0.754717
1
1
1
1
1
1
1
1
1
1
1
0.95
1
1
1
1
1
1
0.952381
1
1
1
1
1
1
1
1
1
1
1
1
1
1
1
1
1
1
1
1
1
0.93617
1
1
1
0.692308
1
0.933333
1
1
0.769231
1
0.973684
0.959184
0.979592
0.833333
1
1
1
1
0.958333
1
1
1
1
1
1
1
0.979167
0.95
1
1
0.954545
1
1
1
0.951219
1
1
0.853659
1
1
1
0.978723
0.894737
0.90566
0.883721
0.666667
1
1
1
1
1
1
0.641509
1
0.979167
0.93617
1
1
1
1
1
1
0.959184
1
0.84
1
1
1
1
1
1
1
1
1
1
1
1
1
0.897436
1
1
1
1
0.815789
0.897436
1
1
0.770833
1
1
1
1
1
0.901961
1
1
1
1
1
1
1
0.95
1
1
1
1
1
1
1
1
1
0.957447
1
1
1
0.886364
0.87234
1
0.886364
1
1
0.901961
1
0.923077
1
1
0.857143
1
0.875
1
0.78
0.765957
1
1
0.818182
1
1
1
0.927273
1
1
1
0.770833
1
1
1
1
1
1
1
1
1
0.931818
1
1
1
1
1
1
1
0.923077
1
1
1
1
1
0.883721
1
1
0.952381
1
1
1
1
1
1
1
1
1
0.957447
1
0.82
1
0.930233
1
1
1
0.980392
1
1
1
1
1
1
1
1
1
1
1
1
1
0.980392
1
1
1
1
1
1
1
1
0.880952
1
1
0.784314
1
1
1
0.88
1
1
1
0.87234
1
1
1
1
1
1
1
0.941176
1
1
0.880952
1
1
1
1
1
1
1
0.782609
0.933333
1
1
1
0.666667
1
1
0.888889
1
1
1
0.804348
1
0.769231
0.97561
1
1
1
0.979592
1
0.911111
1
1
1
1
1
1
1
1
1
1
1
1
1
1
1
1
1
1
1
1
1
1
0.916667
1
1
0.977273
1
1
1
1
1
1
1
1
1
1
0.745098
1
0.97619
1
1
1
1
0.974359
1
0.854167
1
1
0.894737
1
1
1
1
1
1
1
1
0.903846
1
1
1
0.875
1
1
1
1
1
1
1
0.933333
1
1
1
1
1
0.8
1
0.918367
0.938776
1
1
1
0.853659
1
1
0.953488
1
1
1
1
1
1
1
1
0.921569
--UNF_QUERIES_END--
--F_QUERIES--
1
1
1
1
1
1
1
1
1
1
1
1
1
1
1
1
1
1
1
1
1
1
1
1
1
1
1
1
1
1
1
1
1
1
1
1
1
1
1
1
1
1
1
1
1
1
1
1
1
1
1
1
1
1
1
1
1
1
1
1
1
1
1
1
1
1
1
1
1
1
1
1
1
1
1
1
1
1
1
1
1
1
1
1
1
1
1
1
1
1
1
1
1
1
1
1
1
1
1
1
1
1
1
1
1
1
1
1
1
1
1
1
1
1
1
1
1
1
1
1
1
1
1
1
1
1
1
1
1
1
1
1
1
1
1
1
1
1
1
1
1
1
1
1
1
1
1
1
1
1
1
1
1
1
1
1
1
1
1
1
1
1
1
1
1
1
1
1
1
1
1
1
1
1
1
1
1
1
1
1
1
1
1
1
1
1
1
1
1
1
1
1
1
1
1
1
1
1
1
1
1
1
1
1
1
1
1
1
1
1
1
1
1
1
1
1
1
1
1
1
1
1
1
1
1
1
1
1
1
1
1
1
1
1
1
1
1
1
1
1
1
1
1
1
1
1
1
1
1
1
1
1
1
1
1
1
1
1
1
1
1
1
1
1
1
1
1
1
1
1
1
1
1
1
1
1
1
1
1
1
1
1
1
1
1
1
1
1
1
1
1
1
1
1
1
1
1
1
1
1
1
1
1
1
1
1
1
1
1
1
1
1
1
1
1
1
1
1
1
1
1
1
1
1
1
1
1
1
1
1
1
1
1
1
1
1
1
1
1
1
1
1
1
1
1
1
1
1
1
1
1
1
1
1
1
1
1
1
1
1
1
1
1
1
1
1
1
1
1
1
1
1
1
1
1
1
1
1
1
1
1
1
1
1
1
1
1
1
1
1
1
1
1
1
1
1
1
1
1
1
1
1
1
1
1
1
1
1
1
1
1
1
1
1
1
1
1
1
1
1
1
1
1
1
1
1
1
1
1
1
1
1
1
1
1
1
1
1
1
1
1
1
1
1
1
1
1
1
1
1
1
1
1
1
1
1
1
1
1
1
1
1
1
1
1
1
1
1
1
1
1
1
1
1
1
1
1
1
1
1
1
1
1
1
1
1
1
1
1
1
1
1
1
1
1
1
1
1
1
1
1
1
1
1
1
1
1
1
1
1
1
1
1
1
1
1
1
1
1
1
1
1
1
1
1
1
1
1
1
1
1
1
1
1
1
1
1
1
1
1
1
1
1
1
1
1
1
1
1
1
1
1
1
1
1
1
1
1
1
1
1
1
1
1
1
1
1
1
1
1
1
1
1
1
1
1
1
1
1
1
1
1
1
1
1
1
1
1
1
1
1
1
1
1
1
1
1
1
1
1
1
1
1
1
1
1
1
1
1
1
1
1
1
1
1
1
1
1
1
1
1
1
1
1
1
1
1
1
1
1
1
1
1
1
1
1
1
1
1
1
1
1
1
1
1
1
1
1
1
1
1
1
1
1
1
1
1
1
1
1
1
1
1
1
1
1
1
1
1
1
1
1
1
1
1
1
1
1
1
1
1
1
1
1
1
1
1
1
1
1
1
1
1
1
1
1
1
1
1
1
1
1
1
1
1
1
1
1
1
1
1
1
1
1
1
1
1
1
1
1
1
1
1
1
1
1
1
1
1
1
1
1
1
1
1
1
1
1
1
1
1
1
1
1
1
0
1
1
1
1
1
1
1
1
1
1
1
1
1
1
1
1
1
1
1
1
1
1
1
1
1
1
1
1
1
1
1
1
1
1
1
1
1
1
1
1
1
1
1
1
1
1
1
1
1
1
1
1
1
1
1
1
1
1
1
1
1
1
1
1
1
1
1
1
1
1
1
1
1
1
1
1
1
1
1
1
1
1
1
1
1
1
1
1
1
1
1
1
1
1
1
1
1
1
1
1
1
1
1
1
1
1
1
1
1
1
1
1
1
1
1
1
1
1
1
1
1
1
1
1
1
1
1
1
1
1
1
1
1
1
1
1
1
1
1
1
1
1
1
1
1
1
1
1
1
1
1
1
1
1
1
1
1
1
1
1
1
1
1
1
1
1
1
1
1
1
1
1
1
1
1
1
1
1
1
1
1
1
1
1
1
1
1
1
1
1
1
1
1
1
1
1
1
1
1
1
1
1
1
1
1
1
1
1
1
1
1
1
1
1
1
1
1
1
1
1
1
1
1
1
1
1
1
1
1
1
1
1
1
1
1
1
1
1
1
1
1
1
1
1
1
1
1
1
1
1
1
1
1
1
1
1
1
1
1
1
1
1
1
1
1
1
1
1
1
1
1
1
1
1
1
1
1
1
1
1
1
1
1
1
1
1
1
1
1
1
1
1
1
1
1
1
1
1
1
1
1
1
1
1
1
1
1
1
1
1
1
1
1
1
1
1
1
1
1
1
1
1
1
1
1
1
1
1
1
1
1
1
1
1
1
1
1
1
1
1
1
1
1
1
1
1
1
1
1
1
1
1
1
1
1
1
1
1
1
1
1
1
1
1
1
1
1
1
1
1
1
1
1
1
1
1
1
1
1
1
1
1
1
1
1
1
1
1
1
1
1
1
1
1
1
1
1
1
1
1
1
1
1
1
1
1
1
1
1
1
1
1
1
1
1
1
1
1
1
1
1
1
1
1
1
1
1
1
1
1
1
1
1
1
1
1
1
1
1
1
1
1
1
1
1
1
1
1
1
1
1
1
1
1
1
1
1
1
1
1
1
1
1
1
1
1
1
1
1
1
1
1
1
1
1
1
1
1
1
1
1
1
1
1
1
1
1
1
1
1
1
1
1
1
1
1
1
1
1
1
1
1
1
1
1
1
1
1
1
1
1
1
1
1
1
1
1
1
1
1
1
1
1
1
1
1
1
1
1
1
1
1
1
1
1
1
1
1
1
1
1
1
1
1
1
1
1
1
1
1
1
1
1
1
1
1
1
1
1
1
1
1
1
1
1
1
1
1
1
1
1
1
1
1
1
1
1
1
1
1
1
1
1
1
1
1
1
1
1
1
1
1
1
1
1
1
1
1
1
1
1
1
1
1
1
1
1
1
1
1
1
1
1
1
1
1
1
1
1
1
1
1
1
1
1
1
1
1
1
1
1
1
1
1
1
1
1
1
1
1
1
1
1
1
1
1
1
1
1
1
1
1
1
1
1
1
1
1
1
1
1
1
1
1
1
1
1
1
1
1
1
1
1
1
1
1
1
1
1
1
1
1
1
1
1
1
1
1
1
1
1
1
1
1
1
1
1
1
1
1
1
1
1
1
1
1
1
1
1
1
1
1
1
1
1
1
1
1
1
1
1
1
1
1
1
1
1
1
1
1
1
1
1
1
1
1
1
1
1
1
1
1
1
1
1
1
1
1
1
1
1
1
1
1
1
1
1
1
1
1
1
1
1
1
1
1
1
1
1
1
1
1
1
1
1
1
1
1
1
1
1
1
1
1
1
1
1
1
1
1
1
1
1
1
1
1
1
1
1
1
1
1
1
1
1
1
1
1
1
1
1
1
1
1
1
1
1
1
1
1
1
1
1
1
1
1
1
1
1
1
1
1
1
1
1
1
1
1
1
1
1
1
1
1
1
1
1
1
1
1
1
1
1
1
1
1
1
1
1
1
1
1
1
1
1
1
1
1
1
1
1
1
1
1
1
1
1
1
1
1
1
1
1
1
1
1
1
1
1
1
1
1
1
1
1
1
1
1
1
1
1
1
1
1
1
1
1
1
1
1
1
1
1
1
1
1
1
1
1
1
1
1
1
1
1
1
1
1
1
1
1
1
1
1
1
1
1
1
1
1
1
1
1
1
1
1
1
1
1
1
1
1
1
1
1
1
1
1
1
1
1
1
1
1
1
1
1
1
1
1
1
1
1
1
1
1
1
1
1
1
1
1
1
1
1
1
1
1
1
1
1
1
1
1
1
1
1
1
1
1
1
1
1
1
1
1
1
1
1
1
1
1
1
1
1
1
1
1
1
1
1
1
1
1
1
1
1
1
1
1
1
1
1
1
1
1
1
1
1
1
1
1
1
1
1
1
1
1
1
1
1
1
1
1
1
1
1
1
1
1
1
1
1
1
1
1
1
1
1
1
1
1
1
1
1
1
1
1
1
1
1
1
1
1
1
1
1
1
1
1
1
1
1
1
1
1
1
1
1
1
1
1
1
1
1
1
1
1
1
1
1
1
1
1
1
1
1
1
1
1
1
1
1
1
1
1
1
1
1
1
1
1
1
1
1
1
1
1
1
1
1
1
1
1
1
1
1
1
1
1
1
1
1
1
1
1
1
1
1
1
1
1
1
1
1
1
1
1
1
1
1
1
1
1
1
1
1
1
1
1
1
1
1
1
1
1
1
1
1
1
1
1
1
1
1
1
1
1
1
1
1
1
1
1
1
1
1
1
1
1
1
1
1
1
1
1
1
1
1
1
1
1
1
1
1
1
1
1
1
1
1
1
1
1
1
1
1
1
1
1
1
1
1
1
1
1
1
1
1
1
1
1
1
1
1
1
1
1
1
1
1
1
1
1
1
1
1
1
1
1
1
1
1
1
1
1
1
1
1
1
1
1
1
1
1
1
1
1
1
1
1
1
1
1
1
1
1
1
1
1
1
1
1
1
1
1
1
1
1
1
1
1
1
1
1
1
1
1
1
1
1
1
1
1
1
1
1
1
1
1
1
1
1
1
1
1
1
1
1
1
1
1
1
1
1
1
1
1
1
1
1
1
1
1
1
1
1
1
1
1
1
1
1
1
1
1
1
1
1
1
1
1
1
1
1
1
1
1
1
1
1
1
1
1
1
1
1
1
1
1
1
1
1
1
1
1
1
1
1
1
1
1
1
1
1
1
1
1
1
1
1
1
1
1
1
1
1
1
1
1
1
1
1
1
1
1
1
1
1
1
1
1
1
1
1
1
1
1
1
1
1
1
1
1
1
1
1
1
1
1
1
1
1
1
1
1
1
1
1
1
1
1
1
1
1
1
1
1
1
1
1
1
1
1
1
1
1
1
1
1
1
1
1
1
1
1
1
1
1
1
1
1
1
1
1
1
1
1
1
1
1
1
1
1
1
1
1
1
1
1
1
1
1
1
1
1
1
1
1
1
1
1
1
1
1
1
1
1
1
1
1
1
1
1
1
1
1
1
1
1
1
1
1
1
1
1
1
1
1
1
1
1
1
1
1
1
1
1
1
1
1
1
1
1
1
1
1
1
1
1
1
1
1
1
1
1
1
1
1
1
1
1
1
1
1
1
1
1
1
1
1
1
1
1
1
1
1
1
1
1
1
1
1
1
1
1
1
1
1
1
1
1
1
1
1
1
1
1
1
1
1
1
1
1
1
1
1
1
1
1
1
1
1
1
1
1
1
1
1
1
1
1
1
1
1
1
1
1
1
1
1
1
1
1
1
1
1
1
1
1
1
1
1
1
1
1
1
1
1
1
1
1
1
1
1
1
1
1
1
1
1
1
1
1
1
1
1
1
1
1
1
1
1
1
1
1
1
1
1
1
1
1
1
1
1
1
1
1
1
1
1
1
1
1
1
1
1
1
1
1
1
1
1
1
1
1
1
1
1
1
1
1
1
1
1
1
1
1
1
1
1
1
1
1
1
1
1
1
1
1
--F_QUERIES_END--
Time to query the index (unfiltered): 00:00:00.765'333
Average recall score for unfiltered queries: 0.974777
Time to query the index (filtered): 00:00:00.748'466
Average recall score for filtered queries: 0.999599
