./bin/main --stitched --stat --dummy -n_threads 26 -distance 1 --no_rgraph --pqueue 
Number of threads: 26
Indexing Type: STITCHED_VAMANA
k: 100
L: 100
R: 14
a: 1
Rsmall: 14
Unfiltered
Filtered
Using priority queue
Not using rgraph initialization
Time to create the index: 00:00:03.113'705
Number of edges: 72140
--UNF_QUERIES--
0.632653
1
1
0.725
1
0.682927
1
1
0.8
0.944444
1
0.644444
0.925
1
1
0.744186
0.789474
1
1
0.770833
0.531915
0.777778
0.844444
0.590909
1
0.833333
1
0.941176
0.897436
0.85
0.581395
0.9
1
1
0.815789
0.763158
1
0.857143
0.644444
1
1
0.857143
1
0.688889
0.511628
1
0.829268
0.952381
1
1
0.923077
0.72093
1
1
0.769231
0.431818
0.813953
0.904762
0.638298
0.918919
0.975
1
1
1
0.948718
1
0.842105
0.702128
0.522727
0.833333
1
0.684211
1
0.74359
0.9
0.972973
0.923077
0.918919
0.765957
0.820513
0.711111
1
1
1
1
1
0.711111
0.846154
0.945946
0.871795
1
1
0.883721
0.948718
0.941176
0.763158
0.755556
1
1
0.853659
0.888889
1
1
0.644444
1
0.852941
0.694444
0.613636
0.772727
1
1
0.790698
0.694444
0.595238
1
0.930233
0.897436
1
0.644444
0.952381
1
0.972222
0.810811
0.731707
0.871795
0.909091
1
1
0.916667
0.894737
0.857143
0.815789
1
1
0.8
0.815789
0.810811
0.971429
0.878049
0.902439
0.789474
0.853659
0.888889
1
1
0.595238
1
0.775
0.704545
1
0.666667
0.868421
0.972973
0.731707
0.673913
1
0.825
0.604167
0.906977
1
0.695652
1
0.767442
0.309524
1
0.731707
1
0.969697
1
1
0.833333
0.794872
1
1
0.586957
0.930233
0.772727
1
0.926829
1
0.545455
1
0.918919
1
0.590909
1
1
0.645833
0.659091
0.608696
0.878049
0.880952
0.644444
0.909091
0.552632
0.681818
0.904762
0.974359
1
0.571429
0.52381
1
0.846154
1
0.971429
0.921053
0.619048
1
0.772727
1
0.744186
0.810811
0.864865
1
0.818182
1
0.702128
0.619048
1
1
1
0.815789
0.767442
0.459459
0.868421
0.72093
0.897436
1
0.55814
1
0.7
1
0.659091
1
1
1
0.853659
0.72093
0.883721
1
0.568182
0.918919
0.971429
1
0.829268
1
1
0.744186
0.625
1
0.945946
1
1
0.923077
0.833333
0.682927
0.736842
0.794872
0.571429
1
0.756098
1
0.9
0.9375
1
1
0.577778
0.951219
1
0.840909
0.875
0.615385
1
1
1
0.971429
1
1
1
1
0.717391
1
0.780488
0.489362
1
1
0.885714
0.852941
1
0.707317
0.842105
0.9
1
0.970588
1
1
0.75
0.695652
0.846154
0.761905
1
0.813953
1
0.947368
0.7
0.675
0.585366
0.769231
0.971429
0.925
0.878049
1
1
0.809524
0.680851
0.804348
0.863636
0.857143
0.789474
0.722222
1
0.738095
0.545455
0.888889
0.952381
1
1
1
0.65
0.738095
1
0.925
1
0.565217
1
0.928571
1
0.897436
0.918919
0.690476
0.864865
1
0.857143
1
1
1
1
1
0.868421
0.565217
1
0.9
0.571429
0.804878
1
1
0.763158
0.857143
0.96875
0.782609
0.717949
0.756757
0.941176
0.975
0.744186
1
0.794872
0.914286
0.534884
1
1
0.619048
0.904762
0.925
0.710526
0.948718
1
0.857143
0.680851
0.72093
1
1
1
0.780488
0.96875
1
0.837838
1
1
1
1
0.897436
1
0.790698
0.871795
0.969697
1
0.853659
1
0.947368
0.880952
0.652174
1
0.684211
0.868421
0.8
0.928571
0.911765
0.8
0.941176
0.763158
0.970588
0.942857
1
0.846154
1
1
1
0.861111
1
1
0.6
1
1
1
1
0.820513
0.76087
1
1
1
0.923077
0.878049
0.947368
0.972973
0.948718
0.789474
0.586957
0.642857
0.886364
1
0.763158
0.951219
0.921053
1
0.823529
1
0.933333
1
0.813953
0.941176
0.72973
1
1
0.731707
1
0.533333
0.829268
1
1
1
1
0.871795
0.590909
0.6
0.695652
0.875
1
0.688889
0.7
1
0.738095
0.627907
1
1
0.725
0.914286
1
0.675
1
1
1
0.697674
0.95
0.72093
1
1
1
0.972222
0.911765
1
0.974359
1
0.590909
1
1
0.846154
1
1
0.818182
0.823529
0.772727
0.545455
1
0.971429
1
1
1
0.815789
0.769231
0.969697
0.428571
1
0.837838
1
1
1
1
0.85
1
1
1
0.74359
1
1
0.613636
0.571429
1
1
1
0.794872
0.833333
1
0.878049
0.795455
1
1
0.9
0.888889
0.842105
0.972973
1
0.833333
1
1
0.95
0.921053
0.659574
0.775
1
1
0.717391
0.815789
1
0.945946
1
0.918919
0.769231
0.888889
0.711111
1
1
1
0.775
0.725
1
0.735294
0.704545
1
0.658537
1
0.777778
1
0.613636
0.974359
0.8
0.883721
0.790698
1
0.763158
0.925
1
1
0.904762
1
1
0.925
0.894737
0.531915
1
0.916667
1
0.885714
0.909091
0.725
0.840909
0.914286
0.846154
1
0.795455
0.731707
0.804878
0.925
0.972973
0.815789
0.916667
0.846154
0.8
0.794872
0.805556
1
0.866667
1
0.810811
0.704545
1
1
0.666667
1
1
0.942857
0.921053
1
0.711111
0.780488
1
0.871795
0.711111
0.6875
1
0.595238
0.666667
0.756757
1
0.545455
1
1
0.863636
0.969697
1
0.717949
1
0.906977
0.939394
1
0.763158
0.803922
1
0.761905
0.645833
1
0.815789
1
0.825
0.586957
0.868421
1
0.5625
1
0.666667
0.833333
1
0.885714
1
0.738095
0.55102
1
1
0.458333
0.842105
1
0.565217
0.911765
0.871795
1
0.731707
1
1
0.710526
0.95
1
0.902439
0.777778
1
1
1
1
1
0.714286
1
1
1
1
0.775
0.619048
1
0.659091
1
1
1
0.642857
1
0.971429
0.690476
0.928571
1
0.531915
1
1
0.880952
0.948718
1
1
0.820513
1
1
0.871795
0.818182
0.923077
1
0.789474
0.945946
1
0.868421
0.914286
0.697674
1
1
0.846154
0.697674
0.902439
1
1
1
0.763158
1
1
1
0.953488
0.727273
0.794872
1
1
0.6
0.581395
0.534884
0.883721
1
0.769231
0.711111
0.911765
0.657895
0.923077
0.866667
0.944444
1
1
1
0.658537
1
1
1
1
1
0.642857
0.736842
0.897436
1
0.738095
0.857143
0.761905
0.645833
0.690476
1
1
0.756098
0.813953
1
1
0.975
0.764706
0.972973
0.902439
1
0.925
1
0.826087
1
0.955556
0.75
0.717949
1
0.9
0.74359
0.944444
0.918919
0.9
0.973684
1
1
1
1
0.916667
0.868421
1
0.468085
0.925
0.694444
1
1
0.744186
1
1
1
1
1
0.888889
1
1
0.894737
0.636364
0.65
0.666667
0.6875
1
1
0.5
0.857143
0.871795
0.846154
1
0.847826
0.97561
0.575
0.731707
0.447368
0.891892
1
1
0.837838
1
0.722222
0.923077
1
1
1
1
0.882353
1
0.795455
0.930233
0.794872
0.611111
0.5
0.846154
1
0.763158
0.897436
0.842105
1
0.97619
0.117647
1
1
0.756098
1
1
1
0.809524
0.725
1
0.617021
0.553191
1
1
0.74359
1
0.904762
0.945946
1
1
0.857143
0.842105
1
0.925
1
0.659574
0.75
0.941176
0.72093
1
0.767442
1
1
0.775
1
0.897436
0.763158
0.775
1
1
1
0.692308
1
0.673913
0.815789
0.970588
0.641026
0.55814
0.733333
1
1
1
0.837838
1
1
1
0.833333
0.921053
0.894737
0.886364
0.74359
1
1
0.531915
1
0.955556
0.860465
0.813953
1
0.868421
0.947368
1
0.666667
1
0.942857
1
1
0.763158
0.973684
1
1
0.733333
1
0.707317
0.842105
0.772727
1
0.675676
0.711111
0.868421
1
0.710526
0.853659
1
0.947368
1
1
0.918919
0.534884
1
0.829268
0.577778
0.5
1
0.72093
1
0.780488
0.818182
0.73913
0.972973
1
1
0.820513
0.404762
0.444444
0.619048
0.619048
1
0.813953
0.871795
0.904762
0.478261
1
0.904762
0.571429
0.825
1
0.891892
1
1
0.916667
0.972973
0.860465
0.636364
0.973684
0.666667
0.972973
0.891892
0.463415
0.875
1
0.630435
0.844444
1
1
0.666667
1
1
0.666667
1
1
0.690476
0.857143
0.918919
1
0.820513
1
0.939394
0.744681
0.75
1
0.853659
0.975
1
0.928571
0.868421
0.627907
0.769231
1
0.906977
1
0.738095
0.590909
0.813953
0.571429
1
0.772727
0.897436
0.942857
0.875
0.97561
1
0.974359
0.652174
0.704545
1
0.918919
1
0.921053
1
1
1
0.894737
0.894737
0.916667
0.842105
1
1
1
0.795455
0.9
0.717391
1
0.888889
0.853659
0.742857
0.666667
0.868421
0.75
0.846154
0.833333
0.714286
1
1
0.916667
0.697674
1
1
0.581395
1
0.72093
0.864865
0.926829
0.972973
1
0.973684
0.85
1
0.682927
0.704545
0.95
0.644444
1
0.894737
0.775
0.714286
0.868421
1
0.923077
0.714286
1
0.886364
1
0.575
1
1
1
0.581395
1
1
0.736842
0.9375
1
0.878049
1
0.909091
0.923077
0.794872
1
0.837838
1
1
1
1
1
0.923077
0.815789
0.888889
1
0.608696
0.73913
0.861111
0.666667
0.659091
0.571429
1
0.891892
0.72093
0.772727
0.72093
0.555556
1
0.714286
0.488372
0.970588
0.756098
1
0.636364
1
1
0.888889
0.815789
0.85
0.857143
1
1
0.911765
1
0.769231
0.820513
1
1
0.97619
1
0.804878
0.970588
0.742857
0.744186
0.829268
0.941176
0.684211
1
0.756098
1
0.785714
1
0.923077
0.825
1
1
0.761905
0.974359
0.725
0.860465
0.675
0.853659
0.96875
1
0.923077
1
1
1
0.72973
0.815789
1
1
0.945946
1
0.666667
0.795455
0.868421
1
1
1
1
1
0.783784
0.875
0.823529
1
1
0.372093
0.731707
0.742857
1
1
0.565217
0.813953
0.897436
0.73913
0.921053
0.534884
0.930233
0.939394
0.948718
0.829268
1
0.833333
1
0.914286
0.863636
1
1
1
0.585366
0.815789
0.952381
0.880952
0.742857
1
1
0.702128
0.674419
0.638298
0.815789
1
1
1
0.794872
1
0.947368
0.9
1
0.833333
1
0.790698
0.589744
1
1
0.625
1
1
0.682927
0.736842
1
0.767442
0.878049
0.55814
0.894737
0.729167
1
0.818182
0.74359
1
1
1
0.657895
1
1
1
0.422222
1
0.658537
1
1
1
0.72093
1
0.763158
1
1
1
1
0.951219
0.878049
1
0.9
0.810811
1
0.622222
1
0.880952
1
0.6875
0.521739
0.717949
1
0.973684
1
1
1
0.771429
0.969697
0.777778
1
0.789474
0.921053
0.85
0.690476
1
0.97561
0.945946
1
0.727273
1
0.857143
0.820513
0.975
1
0.65
0.675
0.680851
1
0.893617
0.577778
1
0.651163
1
0.733333
0.685714
1
0.897436
0.810811
1
0.634146
1
0.651163
1
1
1
0.659091
0.951219
1
0.878788
0.659091
0.918919
0.975
0.914286
1
1
0.8
0.55814
1
0.829268
1
0.780488
1
1
1
1
1
0.581395
1
1
0.885714
0.918919
1
0.9
0.777778
1
1
0.681818
0.666667
1
0.7
0.952381
0.72093
0.756098
0.906977
1
0.974359
1
0.825
0.825
0.810811
1
0.65
0.789474
0.906977
0.694444
0.818182
0.891892
1
0.804878
0.8
0.942857
0.9
0.809524
1
1
1
0.842105
0.970588
1
0.609756
0.860465
0.906977
1
1
0.815789
0.840909
1
1
0.725
0.6
0.914286
0.659574
0.973684
1
0.846154
1
1
0.465116
0.666667
1
0.627451
1
0.625
1
0.675
0.941176
1
1
1
0.955556
0.914286
0.717949
1
0.967742
0.794872
0.942857
0.642857
1
1
0.85
0.736842
0.666667
0.923077
0.810811
1
1
0.769231
0.731707
0.733333
0.697674
1
0.875
1
0.947368
0.945946
0.888889
0.897436
0.804878
0.95
0.809524
0.466667
0.942857
1
0.651163
0.860465
1
1
0.763158
0.710526
0.875
0.970588
0.8
0.804878
0.756098
1
1
0.837838
0.846154
0.738095
1
0.666667
1
0.6
0.973684
0.789474
0.651163
0.674419
1
1
0.714286
0.658537
0.673913
1
0.769231
0.852941
1
1
0.675
0.8
1
1
1
0.710526
1
0.891892
1
1
0.868421
0.972973
1
1
1
0.815789
1
1
1
0.520833
0.7
0.916667
1
0.780488
1
0.948718
0.613636
0.810811
0.617021
1
0.76087
1
0.837838
1
0.630435
1
1
0.828571
0.613636
1
1
0.641026
0.794872
1
0.682927
0.658537
0.820513
1
0.933333
1
1
1
0.704545
0.9375
0.871795
1
1
0.972973
0.553191
0.521739
1
0.692308
0.846154
1
1
0.666667
0.909091
0.717949
1
0.825
0.947368
0.85
1
1
0.875
1
0.945946
0.972222
1
0.837209
0.947368
0.868421
0.789474
1
1
0.738095
0.731707
0.885714
1
0.520833
0.733333
1
1
0.853659
0.657895
0.842105
0.659091
0.971429
0.727273
1
1
0.951219
0.568182
0.916667
0.577778
0.684211
1
0.675676
1
1
0.756098
0.717949
0.95
0.657895
1
0.860465
0.55
0.622222
1
0.974359
0.948718
0.888889
0.95
0.885714
0.894737
0.790698
0.829268
0.673469
1
1
1
0.609756
0.974359
0.794872
0.925
0.425532
0.972973
1
0.972222
1
0.875
1
0.902439
0.954545
0.707317
0.880952
0.674419
0.842105
0.465116
0.813953
0.6
1
0.780488
1
0.923077
0.6
0.85
0.74359
0.837209
1
1
1
1
1
0.829268
0.837838
0.595745
1
1
0.736842
0.634146
0.692308
0.837209
0.822222
0.888889
1
0.642857
1
0.853659
0.973684
0.933333
0.878049
1
1
1
0.945946
0.923077
1
0.947368
1
1
0.772727
1
0.918919
0.9
1
1
0.926829
0.641026
0.738095
1
0.829268
0.395833
0.973684
0.970588
1
0.878049
0.590909
0.846154
1
1
0.648649
1
1
0.833333
0.909091
0.916667
1
1
0.634146
0.945946
0.644444
0.688889
0.775
1
0.976744
0.622222
0.820513
0.769231
1
0.868421
1
0.975
0.622222
1
1
0.928571
1
0.659091
0.727273
1
0.944444
0.75
1
0.931818
0.972222
0.5
1
0.842105
1
1
1
0.74359
1
0.605263
0.820513
0.897436
0.948718
0.878049
0.886364
0.736842
0.928571
0.666667
0.595238
0.854167
0.738095
1
1
0.617021
0.710526
0.809524
0.75
1
0.722222
0.682927
0.65
0.666667
0.7
0.731707
0.918919
1
1
0.690476
1
0.857143
0.933333
1
1
0.756757
1
0.642857
0.789474
1
0.860465
1
0.825
0.853659
0.880952
0.861111
1
0.810811
1
1
0.631579
0.775
0.756098
0.571429
0.868421
0.818182
1
0.888889
1
0.775
0.864865
0.586957
0.883721
0.864865
0.5
0.975
0.6
0.921053
0.565217
1
0.837209
0.795455
1
0.952381
0.756757
0.944444
0.815789
0.736842
0.902439
1
1
1
0.717949
0.928571
1
1
0.894737
1
0.888889
0.738095
0.555556
1
0.972222
1
0.95
0.5
1
0.975
1
0.942857
0.842105
1
0.727273
0.911765
1
1
0.717949
1
0.833333
1
0.837838
0.880952
1
1
0.911111
0.583333
0.651163
0.894737
1
0.697674
1
1
0.697674
0.765957
0.717949
1
0.967742
1
0.942857
1
0.805556
1
0.9
0.722222
0.914286
1
0.914286
0.928571
0.8
0.5
0.659091
1
1
0.928571
1
0.65
0.837838
0.914286
0.731707
1
0.783784
0.697674
0.926829
0.636364
0.973684
1
0.666667
0.85
0.880952
1
0.794872
0.756098
0.763158
0.810811
1
0.761905
0.947368
1
1
0.809524
0.888889
0.864865
0.975
0.818182
1
1
0.840909
1
0.9
0.833333
0.930233
0.85
0.888889
0.945946
1
0.880952
0.974359
0.744681
1
1
0.928571
0.604651
1
1
0.72093
1
0.72093
0.489796
0.534884
0.710526
0.763158
1
0.928571
1
1
0.473684
0.674419
0.825
0.926829
1
1
0.642857
0.725
0.972973
0.880952
0.780488
0.846154
0.891892
1
1
1
1
0.871795
0.945946
0.906977
0.972222
1
1
1
0.733333
1
1
0.918919
0.790698
1
0.894737
1
1
0.731707
0.923077
0.918919
1
1
0.714286
1
1
1
1
0.66
0.972973
1
0.902439
0.974359
0.85
1
0.916667
1
1
0.710526
0.731707
0.725
0.733333
1
0.804878
0.736842
1
0.702703
0.897436
1
0.970588
1
1
0.837838
1
0.948718
0.844444
0.891892
1
1
0.755556
0.659091
0.536585
0.65
0.789474
0.942857
1
1
0.844444
0.9
0.894737
1
1
1
0.714286
0.711111
1
0.775
0.731707
0.868421
1
0.868421
0.714286
1
1
1
0.945946
0.714286
0.8
0.684211
0.72973
1
1
0.756098
0.72093
0.636364
1
0.95
0.658537
0.864865
1
0.72093
1
1
1
0.974359
0.733333
0.813953
1
1
0.651163
1
1
0.944444
1
0.967742
0.911765
0.921053
0.909091
0.863636
1
0.847826
0.255319
0.717949
0.829268
1
0.939394
1
0.944444
1
0.918919
1
0.711111
1
0.761905
1
0.9
1
0.972222
1
0.772727
0.72093
0.684211
1
0.864865
1
0.894737
0.9
0.883721
0.868421
0.651163
0.8
1
1
0.785714
1
0.652174
0.916667
0.916667
0.925
1
0.846154
1
1
1
1
1
1
0.666667
1
0.974359
0.767442
1
0.736842
0.755556
1
0.787879
0.644444
1
0.775
0.757576
1
0.512195
0.815789
0.918919
0.761905
0.75
0.717949
1
0.825
1
0.846154
0.653061
0.756757
0.717949
0.928571
0.710526
0.604651
0.815789
0.860465
0.825
0.833333
1
1
0.775
0.971429
1
1
0.820513
0.973684
0.891892
0.775
0.731707
1
0.769231
0.636364
0.805556
0.647059
0.930233
0.369565
1
1
0.772727
1
0.85
1
0.790698
1
0.681818
0.659091
1
0.921053
0.904762
1
0.894737
1
0.642857
0.731707
0.733333
0.85
0.974359
1
0.894737
0.795455
1
1
1
0.883721
1
0.692308
1
0.952381
1
0.628571
0.560976
0.948718
0.921053
0.775
0.894737
1
1
0.690476
1
1
0.871795
1
0.72093
0.553191
1
0.925
0.789474
0.837209
0.744186
1
0.882353
0.880952
1
0.977273
0.769231
0.897436
0.682927
0.972222
0.928571
0.767442
1
0.727273
0.833333
0.972973
0.777778
0.853659
0.744186
0.860465
0.833333
1
1
0.682927
0.622222
0.888889
0.842105
1
0.861111
0.761905
0.541667
0.947368
0.613636
0.552632
0.921053
1
0.512195
1
0.744186
0.818182
0.478261
1
1
0.8
0.604651
0.631579
0.860465
0.761905
0.704545
0.842105
0.733333
1
1
0.769231
0.815789
0.916667
0.885714
1
1
1
0.825
0.945946
0.702128
1
1
0.942857
0.666667
1
0.878049
1
1
0.9
1
1
1
1
1
1
0.852941
1
0.853659
0.707317
1
0.73913
1
0.825
1
0.918919
0.771429
0.697674
1
0.804878
0.829268
0.707317
0.804878
1
0.95
0.725
0.945946
0.923077
0.804878
0.613636
1
0.780488
0.866667
0.842105
1
1
0.55814
1
1
0.891892
1
0.840909
0.790698
0.666667
0.756098
0.974359
1
0.632653
1
1
1
0.466667
0.785714
0.857143
0.613636
1
1
1
1
0.590909
0.891892
0.871795
0.825
0.837838
0.897436
1
1
1
1
0.692308
0.804878
0.794872
0.837838
1
1
0.409091
0.710526
0.666667
0.878788
1
1
1
0.707317
0.945946
0.704545
0.864865
0.975
0.769231
0.684211
0.52381
1
0.837209
0.837838
1
0.972222
1
1
0.615385
0.930233
0.95
0.975
0.857143
1
1
1
1
1
0.813953
0.875
0.785714
1
0.970588
1
0.894737
0.55814
0.944444
1
0.95
1
1
0.522727
1
0.733333
0.744186
1
1
1
1
0.617021
0.911111
0.925
1
1
0.972973
0.95
0.828571
0.85
0.690476
1
1
0.944444
0.90625
0.902439
0.756098
1
1
0.923077
1
0.833333
0.775
1
1
1
0.74359
1
1
1
0.794118
0.756098
1
0.688889
0.860465
0.810811
0.846154
0.693878
1
0.837209
0.641026
1
0.725
0.645833
0.916667
1
0.837838
0.883721
1
1
0.921053
0.820513
0.625
0.733333
0.846154
1
0.813953
1
1
0.72093
--UNF_QUERIES_END--
--F_QUERIES--
1
1
1
1
1
1
1
1
1
1
1
1
1
1
1
1
1
1
1
1
1
1
1
1
1
1
1
1
1
1
1
1
1
1
1
1
1
1
1
1
1
1
1
1
1
1
1
1
1
1
1
1
1
1
1
1
1
1
1
1
1
1
1
1
1
1
1
1
1
1
1
1
1
1
1
1
1
1
1
1
1
1
1
1
1
1
1
1
1
1
1
1
1
1
1
1
1
1
1
1
1
1
1
1
1
1
1
1
1
1
1
1
1
1
1
1
1
1
1
1
1
1
1
1
1
1
1
1
1
1
1
1
1
1
1
1
1
1
1
1
1
1
1
1
1
1
1
1
1
1
1
1
1
1
1
1
1
1
1
1
1
1
1
1
1
1
1
1
1
1
1
1
1
1
1
1
1
1
1
1
1
1
1
1
1
1
1
1
1
1
1
1
1
1
1
1
1
1
1
1
1
1
1
1
1
1
1
1
1
1
1
1
1
1
1
1
1
1
1
1
1
1
1
1
1
1
1
1
1
1
1
1
1
1
1
1
1
1
1
1
1
1
1
1
1
1
1
1
1
1
1
1
1
1
1
1
1
1
1
1
1
1
1
1
1
1
1
1
1
1
1
1
1
1
1
1
1
1
1
1
1
1
1
1
1
1
1
1
1
1
1
1
1
1
1
1
1
1
1
1
1
1
1
1
1
1
1
1
1
1
1
1
1
1
1
1
1
1
1
1
1
1
1
1
1
1
1
1
1
1
1
1
1
1
1
1
1
1
1
1
1
1
1
1
1
1
1
1
1
1
1
1
1
1
1
1
1
1
1
1
1
1
1
1
1
1
1
1
1
1
1
1
1
1
1
1
1
1
1
1
1
1
1
1
1
1
1
1
1
1
1
1
1
1
1
1
1
1
1
1
1
1
1
1
1
1
1
1
1
1
1
1
1
1
1
1
1
1
1
1
1
1
1
1
1
1
1
1
1
1
1
1
1
1
1
1
1
1
1
1
1
1
1
1
1
1
1
1
1
1
1
1
1
1
1
1
1
1
1
1
1
1
1
1
1
1
1
1
1
1
1
1
1
1
1
1
1
1
1
1
1
1
1
1
1
1
1
1
1
1
1
1
1
1
1
1
1
1
1
1
1
1
1
1
1
1
1
1
1
1
1
1
1
1
1
1
1
1
1
1
1
1
1
1
1
1
1
1
1
1
1
1
1
1
1
1
1
1
1
1
1
1
1
1
1
1
1
1
1
1
1
1
1
1
1
1
1
1
1
1
1
1
1
1
1
1
1
1
1
1
1
1
1
1
1
1
1
1
1
1
1
1
1
1
1
1
1
1
1
1
1
1
1
1
1
1
1
1
1
1
1
1
1
1
1
1
1
1
1
1
1
1
1
1
1
1
1
1
1
1
1
1
1
1
1
1
1
1
1
1
1
1
1
1
1
1
1
1
1
1
1
1
1
1
1
1
1
1
1
1
1
1
1
1
1
1
1
1
1
1
1
1
1
1
1
1
1
1
1
1
1
1
1
1
1
1
1
1
1
1
1
1
1
1
1
1
1
1
1
1
1
1
1
1
1
1
1
1
1
1
1
1
1
1
1
1
1
1
1
1
1
1
1
1
1
1
1
1
1
1
1
1
1
1
1
1
1
1
1
1
1
1
1
1
1
1
1
1
1
1
1
1
1
1
1
0
1
1
1
1
1
1
1
1
1
1
1
1
1
1
1
1
1
1
1
1
1
1
1
1
1
1
1
1
1
1
1
1
1
1
1
1
1
1
1
1
1
1
1
1
1
1
1
1
1
1
1
1
1
1
1
1
1
1
1
1
1
1
1
1
1
1
1
1
1
1
1
1
1
1
1
1
1
1
1
1
1
1
1
1
1
1
1
1
1
1
1
1
1
1
1
1
1
1
1
1
1
1
1
1
1
1
1
1
1
1
1
1
1
1
1
1
1
1
1
1
1
1
1
1
1
1
1
1
1
1
1
1
1
1
1
1
1
1
1
1
1
1
1
1
1
1
1
1
1
1
1
1
1
1
1
1
1
1
1
1
1
1
1
1
1
1
1
1
1
1
1
1
1
1
1
1
1
1
1
1
1
1
1
1
1
1
1
1
1
1
1
1
1
1
1
1
1
1
1
1
1
1
1
1
1
1
1
1
1
1
1
1
1
1
1
1
1
1
1
1
1
1
1
1
1
1
1
1
1
1
1
1
1
1
1
1
1
1
1
1
1
1
1
1
1
1
1
1
1
1
1
1
1
1
1
1
1
1
1
1
1
1
1
1
1
1
1
1
1
1
1
1
1
1
1
1
1
1
1
1
1
1
1
1
1
1
1
1
1
1
1
1
1
1
1
1
1
1
1
1
1
1
1
1
1
1
1
1
1
1
1
1
1
1
1
1
1
1
1
1
1
1
1
1
1
1
1
1
1
1
1
1
1
1
1
1
1
1
1
1
1
1
1
1
1
1
1
1
1
1
1
1
1
1
1
1
1
1
1
1
1
1
1
1
1
1
1
1
1
1
1
1
1
1
1
1
1
1
1
1
1
1
1
1
1
1
1
1
1
1
1
1
1
1
1
1
1
1
1
1
1
1
1
1
1
1
1
1
1
1
1
1
1
1
1
1
1
1
1
1
1
1
1
1
1
1
1
1
1
1
1
1
1
1
1
1
1
1
1
1
1
1
1
1
1
1
1
1
1
1
1
1
1
1
1
1
1
1
1
1
1
1
1
1
1
1
1
1
1
1
1
1
1
1
1
1
1
1
1
1
1
1
1
1
1
1
1
1
1
1
1
1
1
1
1
1
1
1
1
1
1
1
1
1
1
1
1
1
1
1
1
1
1
1
1
1
1
1
1
1
1
1
1
1
1
1
1
1
1
1
1
1
1
1
1
1
1
1
1
1
1
1
1
1
1
1
1
1
1
1
1
1
1
1
1
1
1
1
1
1
1
1
1
1
1
1
1
1
1
1
1
1
1
1
1
1
1
1
1
1
1
1
1
1
1
1
1
1
1
1
1
1
1
1
1
1
1
1
1
1
1
1
1
1
1
1
1
1
1
1
1
1
1
1
1
1
1
1
1
1
1
1
1
1
1
1
1
1
1
1
1
1
1
1
1
1
1
1
1
1
1
1
1
1
1
1
1
1
1
1
1
1
1
1
1
1
1
1
1
1
1
1
1
1
1
1
1
1
1
1
1
1
1
1
1
1
1
1
1
1
1
1
1
1
1
1
1
1
1
1
1
1
1
1
1
1
1
1
1
1
1
1
1
1
1
1
1
1
1
1
1
1
1
1
1
1
1
1
1
1
1
1
1
1
1
1
1
1
1
1
1
1
1
1
1
1
1
1
1
1
1
1
1
1
0.962025
1
1
1
1
1
1
1
1
1
1
1
1
1
1
1
1
1
1
1
1
1
1
1
1
1
1
1
1
1
1
1
1
1
1
1
1
1
1
1
1
1
1
1
1
1
1
1
1
1
1
1
1
1
1
1
1
1
1
1
1
1
1
1
1
1
1
1
1
1
1
1
1
1
1
1
1
1
1
1
1
1
1
1
1
1
1
1
1
1
1
1
1
1
1
1
1
1
1
1
1
1
1
1
1
1
1
1
1
1
1
1
1
1
1
1
1
1
1
1
1
1
1
1
1
1
1
1
1
1
1
1
1
1
1
1
1
1
1
1
1
1
1
1
1
1
1
1
1
1
1
1
1
1
1
1
1
1
1
1
1
1
1
1
1
1
1
1
1
1
1
1
1
1
1
1
1
1
1
1
1
1
1
1
1
1
1
1
1
1
1
1
1
1
1
1
1
1
1
1
1
1
1
1
1
1
1
1
1
1
1
1
1
1
1
1
1
1
1
1
1
1
1
1
1
1
1
1
1
1
1
1
1
1
1
1
1
1
1
1
1
1
1
1
1
1
1
1
1
1
1
1
1
1
1
1
1
1
1
1
1
1
1
1
1
1
1
1
1
1
1
1
1
1
1
1
1
1
1
1
1
1
1
1
1
1
1
1
1
1
1
1
1
1
1
1
1
1
1
1
1
1
1
1
1
1
1
1
1
1
1
1
1
1
1
1
1
1
1
1
1
1
1
1
1
1
1
1
1
1
1
1
1
1
1
1
1
1
1
1
1
1
1
1
1
1
1
1
1
1
1
1
1
1
1
1
1
1
1
1
1
1
1
1
1
1
1
1
1
1
1
1
1
1
1
1
1
1
1
1
1
1
1
1
1
1
1
1
1
1
1
1
1
1
1
1
1
1
1
1
1
1
1
1
1
1
1
1
1
1
1
1
1
1
1
1
1
1
1
1
1
1
1
1
1
1
1
1
1
1
1
1
1
1
1
1
1
1
1
1
1
1
1
1
1
1
1
1
1
1
1
1
1
1
1
1
1
1
1
1
1
1
1
1
1
1
1
1
1
1
1
1
1
1
1
1
1
1
1
1
1
1
1
1
1
1
1
1
1
1
1
1
1
1
1
1
1
1
1
1
1
1
1
1
1
1
1
1
1
1
1
1
1
1
1
1
1
1
1
1
1
1
1
1
1
1
1
1
1
1
1
1
1
1
1
1
1
1
1
1
1
1
1
1
1
1
1
1
1
1
1
1
1
1
1
1
1
1
1
1
1
1
1
1
1
1
1
1
1
1
1
1
1
1
1
1
1
1
1
1
1
1
1
1
1
1
1
1
1
1
1
1
1
1
1
1
1
1
1
1
1
1
1
1
1
1
1
1
1
1
1
1
1
1
1
1
1
1
1
1
1
1
1
1
1
1
1
1
1
1
1
1
1
1
1
1
1
1
1
1
1
1
1
1
1
1
1
1
1
1
1
1
1
1
1
1
1
1
1
1
1
1
1
1
1
1
1
1
1
1
1
1
1
1
1
1
1
1
1
1
1
1
1
1
1
1
1
1
1
1
1
1
1
1
1
1
1
1
1
1
1
1
1
1
1
1
1
1
1
1
1
1
1
1
1
1
1
1
1
1
1
1
1
1
1
1
1
1
1
1
1
1
1
1
1
1
1
1
1
1
1
1
1
1
1
1
1
1
1
1
1
1
1
1
1
1
1
1
1
1
1
1
1
1
1
1
1
1
1
1
1
1
1
1
1
1
1
1
1
1
1
1
1
1
1
1
1
1
1
1
1
1
1
1
1
1
1
1
1
1
1
1
1
1
1
1
1
1
1
1
1
1
1
1
1
1
1
1
1
1
1
1
1
1
1
1
1
1
1
1
1
1
1
1
1
1
1
1
1
1
1
1
1
1
1
1
1
1
1
1
1
1
1
1
1
1
1
1
1
1
1
1
1
1
1
1
1
1
1
1
1
1
1
1
1
1
1
1
1
1
1
1
1
1
1
1
1
1
1
1
1
1
1
1
1
1
1
1
1
1
1
1
1
1
1
1
1
1
1
1
1
1
1
1
1
1
1
1
1
1
1
1
1
1
1
1
1
1
1
1
1
1
1
1
1
1
1
1
1
1
1
1
1
1
1
1
1
1
1
1
1
1
1
1
1
1
1
1
1
1
1
1
1
1
1
1
1
1
1
1
1
1
1
1
1
1
1
1
1
1
1
1
1
1
1
1
1
1
1
1
1
1
1
1
1
1
1
1
1
1
1
1
1
1
1
1
--F_QUERIES_END--
Time to query the index (unfiltered): 00:00:00.262'817
Average recall score for unfiltered queries: 0.870934
Time to query the index (filtered): 00:00:00.340'142
Average recall score for filtered queries: 0.999584
