./bin/main --stitched --stat --dummy -n_threads 26 -distance 1 --no_rgraph --pqueue -extra_edges 15 
Number of threads: 26
Indexing Type: STITCHED_VAMANA
k: 100
L: 100
R: 14
a: 1
Rsmall: 14
Number of extra random edges: 15
Unfiltered
Filtered
Using priority queue
Not using rgraph initialization
Time to create the index: 00:00:04.144'783
Number of edges: 222195
--UNF_QUERIES--
0.807692
1
1
1
0.861111
0.857143
1
1
1
1
1
1
1
1
1
1
1
1
1
0.84
0.933333
0.9
1
1
1
1
1
1
1
1
0.87037
1
1
1
1
0.829268
1
1
0.744681
0.772727
1
1
1
1
0.813559
1
1
1
1
1
1
1
1
1
1
0.938776
0.934783
1
0.72549
1
1
1
1
1
1
1
1
0.938776
0.543478
1
1
0.958333
1
1
1
1
1
1
0.921569
1
1
1
1
1
1
1
0.962264
1
1
1
1
1
1
1
1
1
1
1
1
1
1
1
1
1
1
1
0.979167
0.884615
1
1
1
1
1
0.770833
1
1
1
1
1
1
1
1
1
0.88
1
1
1
1
1
1
1
1
1
1
1
1
1
1
1
1
1
1
1
1
1
0.863636
1
1
1
1
1
1
1
1
1
1
0.790698
0.730769
1
1
1
1
1
1
1
0.979592
1
1
0.875
1
1
1
1
1
1
1
1
1
1
1
1
1
1
1
1
0.756757
1
0.792453
1
0.830508
1
1
1
1
1
0.764706
1
1
1
0.918367
0.978723
1
1
1
1
1
0.823529
1
1
1
0.860465
0.951219
1
1
1
1
0.865385
1
1
1
1
1
0.695652
0.857143
1
0.78
1
1
1
1
0.75
1
0.903846
1
1
1
1
0.918367
1
1
0.666667
1
1
1
1
1
1
1
0.714286
1
1
1
0.725
1
1
1
1
1
1
1
1
1
1
1
1
1
0.72
1
1
1
1
0.978723
1
1
1
1
1
1
1
1
0.804348
1
1
1
1
1
1
1
1
1
1
1
1
0.969697
1
1
1
0.615385
1
1
1
1
1
1
0.979592
1
0.958333
1
1
0.951219
1
1
1
1
1
1
1
1
0.880952
1
1
0.627907
1
1
1
1
1
1
1
0.980769
1
1
1
0.803922
1
1
1
1
1
0.980769
1
1
0.904762
1
1
1
1
1
1
1
1
1
0.723404
1
1
1
1
1
1
0.959184
1
1
1
1
1
1
1
0.853659
1
1
1
0.787234
1
1
1
1
1
1
0.854545
1
1
1
1
0.787234
1
1
1
1
1
1
1
1
1
1
1
1
1
1
1
1
0.878049
1
1
1
1
1
1
1
1
1
0.977778
1
1
1
1
1
1
1
0.928571
1
1
0.938776
1
1
1
1
1
1
1
1
1
1
1
1
1
1
1
0.788462
0.976744
1
1
1
1
1
1
1
1
1
1
1
1
1
1
1
1
1
0.923077
1
1
1
1
1
1
1
0.9375
0.770833
1
1
0.921569
1
1
1
1
1
1
1
1
1
1
1
1
1
1
1
1
1
1
1
1
1
1
1
1
1
1
1
1
1
1
1
1
1
1
1
1
1
1
1
0.911111
0.956522
1
0.890909
1
1
1
1
1
1
1
1
1
1
0.98
1
0.875
1
1
1
1
1
1
1
1
0.909091
1
1
1
1
1
1
1
1
1
1
1
1
1
0.851064
1
1
1
0.90566
1
1
1
1
1
0.97561
1
0.979167
1
1
1
1
1
1
1
0.818182
1
1
1
1
1
0.857143
1
0.86
1
1
1
1
1
1
1
1
1
1
1
1
0.884615
1
1
1
1
1
1
1
1
1
1
0.86
0.833333
1
1
1
0.860465
1
1
1
1
1
1
1
1
1
1
1
1
1
1
1
1
1
1
1
0.916667
1
0.934783
0.961538
1
1
1
1
1
1
0.762712
1
1
1
1
1
1
1
1
1
1
1
1
1
1
0.87037
1
0.975
1
1
0.86
1
1
0.711864
1
1
1
1
1
1
0.92
0.938776
1
1
0.854167
1
1
1
1
1
1
1
1
1
1
1
1
1
1
1
1
1
1
1
1
1
1
1
1
1
0.714286
1
1
1
1
1
0.959184
1
1
0.857143
0.97561
1
1
1
1
1
1
1
1
1
1
1
1
1
1
1
1
1
1
1
1
0.844444
1
1
1
1
1
1
1
1
1
0.72973
0.735849
1
1
1
1
1
1
1
1
0.960784
0.914894
1
1
0.862745
1
0.783784
0.630435
1
1
1
1
1
1
1
1
1
1
1
1
1
1
1
0.906977
1
1
1
0.773585
0.512195
1
1
1
1
1
1
0.891892
1
1
1
1
1
1
1
0.918367
1
0.976744
1
1
1
1
1
1
1
1
1
1
1
1
1
1
0.684211
1
0.813953
1
1
1
1
1
1
1
1
1
1
1
0.875
1
0.857143
1
0.884615
1
1
0.701754
1
1
1
1
0.87234
1
0.883721
0.957447
0.636364
1
1
1
1
1
1
1
1
1
1
1
1
1
1
1
1
1
0.836364
1
1
0.878049
1
0.75
1
0.934783
1
1
1
1
1
1
1
1
1
1
1
0.666667
1
1
1
1
1
1
1
1
1
1
1
1
1
1
1
1
1
1
0.811321
1
1
1
1
1
1
1
1
1
1
1
1
0.811321
1
0.952381
1
0.847826
1
1
1
0.7
1
1
1
0.928571
1
1
1
1
1
1
1
1
1
1
1
1
1
1
1
1
0.94
1
1
1
1
0.883721
1
1
1
1
1
1
1
1
1
1
0.708333
1
1
1
1
1
1
1
1
1
1
1
0.918367
0.903846
1
1
1
1
1
1
0.955556
1
1
1
1
0.886364
0.632653
0.933333
1
1
1
1
1
0.75
1
1
0.957447
1
1
1
1
1
0.945946
1
1
1
1
1
1
1
0.76
1
1
0.941176
0.541667
1
1
0.702128
1
1
0.961538
1
1
1
1
1
1
1
1
1
1
0.901961
1
1
1
1
1
1
1
1
1
1
1
0.90566
1
1
1
1
1
1
0.866667
1
1
1
1
0.830189
0.981481
1
1
1
1
1
1
1
1
1
1
1
1
1
1
1
1
1
1
1
1
1
1
1
1
1
1
1
1
1
1
1
1
1
1
1
1
1
1
1
1
1
1
1
1
1
1
1
1
1
0.906977
1
1
1
1
1
1
1
1
0.86
1
1
1
1
1
1
1
1
1
1
1
1
1
1
1
1
1
1
1
1
1
1
1
1
1
1
0.914894
0.974359
0.754717
0.795918
0.914894
1
1
0.959184
0.843137
1
1
1
1
0.8125
1
1
1
1
1
1
1
1
1
1
1
1
1
1
1
1
1
1
1
0.604651
1
1
1
1
1
1
1
1
1
1
0.829787
1
1
1
1
1
1
1
1
1
1
1
1
1
1
1
1
1
1
1
1
1
1
1
1
0.769231
0.72093
1
1
1
1
1
1
1
1
1
1
0.872727
1
1
1
1
0.649123
1
1
1
1
0.666667
1
1
1
1
1
1
1
1
0.978261
1
1
1
1
1
1
0.815789
1
1
1
1
1
1
0.978261
1
1
1
0.93617
1
1
1
1
1
1
1
1
1
1
1
1
1
1
1
1
1
1
0.826087
1
1
1
1
0.931818
1
1
1
1
1
1
1
0.877551
1
0.826923
1
1
1
0.980769
1
1
1
1
1
1
1
0.8
1
1
0.904762
1
0.9375
1
1
1
0.901961
0.924528
1
1
1
1
1
1
1
1
1
1
1
1
0.860465
1
1
1
1
1
0.913043
1
1
1
1
1
1
1
1
1
1
0.895833
1
1
1
0.957447
0.911111
1
1
1
1
1
1
0.860465
1
1
1
0.772727
1
1
1
1
1
1
1
1
1
1
0.88
1
1
1
0.957447
1
1
1
1
1
1
1
1
1
1
1
1
1
1
1
1
1
1
1
1
1
1
1
0.978723
1
1
0.851064
0.85
1
1
1
1
1
1
1
1
1
1
1
1
1
1
1
1
1
1
1
1
1
1
1
1
1
1
1
1
1
0.8
0.673469
1
0.902439
1
1
1
1
1
0.93617
1
1
0.614035
1
0.911111
1
1
1
1
1
1
1
1
1
1
1
1
1
0.891304
1
1
1
1
0.980392
1
0.98
1
1
0.980392
1
0.877551
1
1
1
1
1
1
1
1
1
1
0.980392
0.811321
1
1
1
1
1
1
1
1
1
1
0.810811
1
1
1
1
1
1
0.941176
1
1
1
1
1
1
0.903846
0.807692
1
1
1
1
1
1
1
1
1
1
1
1
1
1
1
0.880952
1
1
1
1
1
1
1
1
1
1
1
1
1
1
0.909091
1
1
1
1
1
0.795918
1
1
1
1
1
1
1
1
1
1
1
0.717391
1
1
1
1
1
0.947368
0.978723
0.978723
1
1
1
1
1
1
1
0.934783
1
1
1
1
1
1
1
1
1
1
1
1
1
1
1
1
1
1
1
0.928571
1
1
1
1
1
1
1
1
1
1
1
0.822222
1
1
0.959184
1
1
1
1
1
1
0.685185
1
0.956522
1
1
1
1
0.888889
1
1
1
1
1
1
1
1
1
1
1
1
0.980392
0.733333
1
1
1
1
1
1
1
1
1
0.77551
1
1
1
1
1
0.954545
1
1
1
1
1
1
1
1
1
0.979167
1
1
0.767442
1
0.557692
1
1
1
1
1
1
0.729167
0.843137
0.847826
1
1
1
1
1
1
1
0.961538
0.931818
1
1
1
0.755556
1
1
1
1
1
1
1
1
1
1
1
1
1
1
1
1
1
1
1
1
1
0.918919
1
1
1
1
1
1
0.934783
1
1
0.884615
1
1
1
1
0.744681
1
1
1
0.938776
1
1
1
1
1
0.897436
1
1
1
0.94
1
1
1
1
1
1
1
1
1
1
1
0.75
1
1
1
1
1
0.979167
1
1
1
1
1
1
0.708333
1
1
1
1
0.837838
1
1
1
0.882353
1
1
1
1
1
1
1
0.847826
1
1
1
1
0.8125
1
1
1
1
1
0.723404
1
1
1
1
1
1
1
1
1
1
1
1
1
1
1
1
1
1
1
1
0.8
1
1
1
1
1
1
1
0.866667
1
1
1
1
1
1
0.980769
1
1
1
0.867925
0.895833
1
1
1
1
1
0.957447
1
1
1
1
1
1
1
1
1
1
1
1
1
1
1
1
1
1
1
1
1
0.811321
1
1
1
1
0.781818
1
1
1
1
1
1
1
1
1
1
1
1
0.791667
1
1
1
1
1
1
0.914894
1
1
1
0.957447
1
1
0.979167
1
1
0.555556
1
1
1
1
1
1
1
1
1
1
1
1
1
0.877193
0.8
1
1
1
1
0.914894
1
1
0.816327
1
1
1
1
1
1
1
1
1
0.9375
1
1
1
0.584906
1
1
1
1
1
1
0.895833
1
1
1
1
1
1
1
1
1
0.954545
1
1
1
1
1
1
1
1
1
1
1
1
1
1
1
1
1
0.88
0.901961
1
1
1
1
1
1
0.886364
0.565217
1
1
1
1
0.866667
1
1
1
0.906977
1
1
1
1
1
1
1
1
1
1
1
1
1
0.833333
1
1
1
0.913043
1
1
1
1
1
1
1
1
1
1
1
1
0.97619
1
0.673913
1
1
1
0.809524
1
1
1
1
1
1
1
0.825
1
1
1
1
1
1
0.87234
1
1
1
1
1
1
1
1
1
1
1
1
0.938776
1
0.653846
1
0.973684
1
1
1
1
1
1
1
1
1
0.9375
1
1
1
1
1
1
0.866667
1
1
1
0.951219
1
1
0.891304
1
1
1
1
0.954545
0.818182
1
1
1
1
1
0.901961
1
1
1
1
0.88
1
1
1
1
1
1
1
1
1
1
1
1
0.8
1
1
0.673077
1
1
1
1
1
1
1
1
1
1
1
1
1
1
1
1
1
1
1
1
1
1
1
1
1
1
1
0.875
1
1
1
1
1
1
1
1
1
1
1
1
1
1
1
1
1
1
1
1
1
1
0.833333
1
1
1
0.959184
1
1
1
1
0.735849
1
1
1
1
0.978723
1
1
1
1
1
1
0.87234
1
0.818182
1
0.902439
0.979167
1
1
1
1
1
1
1
1
1
1
1
1
1
1
1
0.826087
1
0.884615
0.901961
0.62
1
1
1
1
1
1
0.918367
1
1
1
1
1
1
1
1
1
1
1
0.90566
1
1
1
1
0.918367
1
1
1
1
1
1
1
1
1
1
1
1
1
1
1
1
1
0.943396
1
1
1
1
1
0.857143
1
1
1
1
1
1
1
1
1
1
1
1
0.902439
1
1
0.956522
0.891304
0.978261
1
1
1
1
1
0.960784
0.94
1
1
0.840909
0.93617
1
1
1
1
1
0.803922
1
0.846154
0.645833
0.93617
1
1
1
1
1
0.903846
1
1
1
0.979167
1
1
1
0.836364
1
1
1
1
0.868421
1
1
1
1
1
1
1
1
0.764706
1
1
1
1
1
1
0.871795
1
0.883721
1
1
1
1
1
1
1
1
1
1
1
0.892857
1
1
1
1
1
1
1
1
1
1
1
1
1
1
1
1
1
0.97619
1
0.901961
1
1
1
1
1
1
1
1
0.871795
1
0.980392
1
1
1
1
0.84
1
1
1
0.897959
1
1
1
1
1
1
1
0.788462
1
1
1
1
1
1
1
1
1
1
0.844444
0.930233
1
1
1
0.648148
1
1
1
1
1
1
0.866667
1
1
1
1
1
0.913043
1
1
1
1
1
1
1
1
0.957447
1
1
1
0.953488
1
1
1
1
1
1
1
0.961538
1
1
1
0.972973
0.865385
1
1
1
1
1
0.978723
1
1
1
1
1
1
1
0.711538
1
1
1
1
1
1
1
0.75
0.980769
1
1
1
1
1
1
1
1
1
1
1
0.952381
1
1
1
1
1
1
1
1
1
1
1
1
0.95
1
1
1
1
1
1
0.977273
1
1
1
1
1
1
1
1
0.928571
0.925
1
1
1
1
1
1
0.791667
--UNF_QUERIES_END--
--F_QUERIES--
1
1
1
1
1
1
1
1
1
1
1
1
1
1
1
1
1
1
1
1
1
1
1
1
1
1
1
1
1
1
1
1
1
1
1
1
1
1
1
1
1
1
1
1
1
1
1
1
1
1
1
1
1
1
1
1
1
1
1
1
1
1
1
1
1
1
1
1
1
1
1
1
1
1
1
1
1
1
1
1
1
1
1
1
1
1
1
1
1
1
1
1
1
1
1
1
1
1
1
1
1
1
1
1
1
1
1
1
1
1
1
1
1
1
1
1
1
1
1
1
1
1
1
1
1
1
1
1
1
1
1
1
1
1
1
1
1
1
1
1
1
1
1
1
1
1
1
1
1
1
1
1
1
1
1
1
1
1
1
1
1
1
1
1
1
1
1
1
1
1
1
1
1
1
1
1
1
1
1
1
1
1
1
1
1
1
1
1
1
1
1
1
1
1
1
1
1
1
1
1
1
1
1
1
1
1
1
1
1
1
1
1
1
1
1
1
1
1
1
1
1
1
1
1
1
1
1
1
1
1
1
1
1
1
1
1
1
1
1
1
1
1
1
1
1
1
1
1
1
1
1
1
1
1
1
1
1
1
1
1
1
1
1
1
1
1
1
1
1
1
1
1
1
1
1
1
1
1
1
1
1
1
1
1
1
1
1
1
1
1
1
1
1
1
1
1
1
1
1
1
1
1
1
1
1
1
1
1
1
1
1
1
1
1
1
1
1
1
1
1
1
1
1
1
1
1
1
1
1
1
1
1
1
1
1
1
1
1
1
1
1
1
1
1
1
1
1
1
1
1
1
1
1
1
1
1
1
1
1
1
1
1
1
1
1
1
1
1
1
1
1
1
1
1
1
1
1
1
1
1
1
1
1
1
1
1
1
1
1
1
1
1
1
1
1
1
1
1
1
1
1
1
1
1
1
1
1
1
1
1
1
1
1
1
1
1
1
1
1
1
1
1
1
1
1
1
1
1
1
1
1
1
1
1
1
1
1
1
1
1
1
1
1
1
1
1
1
1
1
1
1
1
1
1
1
1
1
1
1
1
1
1
1
1
1
1
1
1
1
1
1
1
1
1
1
1
1
1
1
1
1
1
1
1
1
1
1
1
1
1
1
1
1
1
1
1
1
1
1
1
1
1
1
1
1
1
1
1
1
1
1
1
1
1
1
1
1
1
1
1
1
1
1
1
1
1
1
1
1
1
1
1
1
1
1
1
1
1
1
1
1
1
1
1
1
1
1
1
1
1
1
1
1
1
1
1
1
1
1
1
1
1
1
1
1
1
1
1
1
1
1
1
1
1
1
1
1
1
1
1
1
1
1
1
1
1
1
1
1
1
1
1
1
1
1
1
1
1
1
1
1
1
1
1
1
1
1
1
1
1
1
1
1
1
1
1
1
1
1
1
1
1
1
1
1
1
1
1
1
1
1
1
1
1
1
1
1
1
1
1
1
1
1
1
1
1
1
1
1
1
1
1
1
1
1
1
1
1
1
1
1
1
1
1
1
1
1
1
1
1
1
1
1
1
1
1
1
1
1
1
1
1
1
1
1
1
1
1
1
1
1
1
1
1
1
1
1
1
1
1
1
1
1
1
1
1
1
1
1
1
1
1
1
1
1
1
1
1
1
1
1
1
1
1
1
1
1
1
1
1
1
1
1
1
1
1
1
1
1
1
1
1
1
1
1
0
1
1
1
1
1
1
1
1
1
1
1
1
1
1
1
1
1
1
1
1
1
1
1
1
1
1
1
1
1
1
1
1
1
1
1
1
1
1
1
1
1
1
1
1
1
1
1
1
1
1
1
1
1
1
1
1
1
1
1
1
1
1
1
1
1
1
1
1
1
1
1
1
1
1
1
1
1
1
1
1
1
1
1
1
1
1
1
1
1
1
1
1
1
1
1
1
1
1
1
1
1
1
1
1
1
1
1
1
1
1
1
1
1
1
1
1
1
1
1
1
1
1
1
1
1
1
1
1
1
1
1
1
1
1
1
1
1
1
1
1
1
1
1
1
1
1
1
1
1
1
1
1
1
1
1
1
1
1
1
1
1
1
1
1
1
1
1
1
1
1
1
1
1
1
1
1
1
1
1
1
1
1
1
1
1
1
1
1
1
1
1
1
1
1
1
1
1
1
1
1
1
1
1
1
1
1
1
1
1
1
1
1
1
1
1
1
1
1
1
1
1
1
1
1
1
1
1
1
1
1
1
1
1
1
1
1
1
1
1
1
1
1
1
1
1
1
1
1
1
1
1
1
1
1
1
1
1
1
1
1
1
1
1
1
1
1
1
1
1
1
1
1
1
1
1
1
1
1
1
1
1
1
1
1
1
1
1
1
1
1
1
1
1
1
1
1
1
1
1
1
1
1
1
1
1
1
1
1
1
1
1
1
1
1
1
1
1
1
1
1
1
1
1
1
1
1
1
1
1
1
1
1
1
1
1
1
1
1
1
1
1
1
1
1
1
1
1
1
1
0.97561
1
1
1
1
1
1
1
1
1
1
1
1
1
1
1
1
1
1
1
1
1
1
1
1
1
1
1
1
1
1
1
1
1
1
1
1
1
1
1
1
1
1
1
1
1
1
1
1
1
1
1
1
1
1
1
1
1
1
1
1
1
1
1
1
1
1
1
1
1
1
1
1
1
1
1
1
1
1
1
1
1
1
1
1
1
1
1
1
1
1
1
1
1
1
1
1
1
1
1
1
1
1
1
1
1
1
1
1
1
1
1
1
1
1
1
1
1
1
1
1
1
1
1
1
1
1
1
1
1
1
1
1
1
1
1
1
1
1
1
1
1
1
1
1
1
1
1
1
1
1
1
1
1
1
1
1
1
1
1
1
1
1
1
1
1
1
1
1
1
1
1
1
1
1
1
1
1
1
1
1
1
1
1
1
1
1
1
1
1
1
1
1
1
1
1
1
1
1
1
1
1
1
1
1
1
1
1
1
1
1
1
1
1
1
1
1
1
1
1
1
1
1
1
1
1
1
1
1
1
1
1
1
1
1
1
1
1
1
1
1
1
1
1
1
1
1
1
1
1
1
1
1
1
1
1
1
1
1
1
1
1
1
1
1
1
1
1
1
1
1
1
1
1
1
1
1
1
1
1
1
1
1
1
1
1
1
1
1
1
1
1
1
1
1
1
1
1
1
1
1
1
1
1
1
1
1
1
1
1
1
1
1
1
1
1
1
1
1
1
1
1
1
1
1
1
1
1
1
1
1
1
1
1
1
1
1
1
1
1
1
1
1
1
1
1
1
1
1
1
1
1
1
1
1
1
1
1
1
1
1
1
1
1
1
1
1
1
1
1
1
1
1
1
1
1
1
1
1
1
1
1
1
1
1
1
1
1
1
1
1
1
1
1
1
1
1
1
1
1
1
1
1
1
1
1
1
1
1
1
1
1
1
1
1
1
1
1
1
1
1
1
1
1
1
1
1
1
1
1
1
1
1
1
1
1
1
1
1
1
1
1
1
1
1
1
1
1
1
1
1
1
1
1
1
1
1
1
1
1
1
1
1
1
1
1
1
1
1
1
1
1
1
1
1
1
1
1
1
1
1
1
1
1
1
1
1
1
1
1
1
1
1
1
1
1
1
1
1
1
1
1
1
1
1
1
1
1
1
1
1
1
1
1
1
1
1
1
1
1
1
1
1
1
1
1
1
1
1
1
1
1
1
1
1
1
1
1
1
1
1
1
1
1
1
1
1
1
1
1
1
1
1
1
1
1
1
1
1
1
1
1
1
1
1
1
1
1
1
1
1
1
1
1
1
1
1
1
1
1
1
1
1
1
1
1
1
1
1
1
1
1
1
1
1
1
1
1
1
1
1
1
1
1
1
1
1
1
1
1
1
1
1
1
1
1
1
1
1
1
1
1
1
1
1
1
1
1
1
1
1
1
1
1
1
1
1
1
1
1
1
1
1
1
1
1
1
1
1
1
1
1
1
1
1
1
1
1
1
1
1
1
1
1
1
1
1
1
1
1
1
1
1
1
1
1
1
1
1
1
1
1
1
1
1
1
1
1
1
1
1
1
1
1
1
1
1
1
1
1
1
1
1
1
1
1
1
1
1
1
1
1
1
1
1
1
1
1
1
1
1
1
1
1
1
1
1
1
1
1
1
1
1
1
1
1
1
1
1
1
1
1
1
1
1
1
1
1
1
1
1
1
1
1
1
1
1
1
1
1
1
1
1
1
1
1
1
1
1
1
1
1
1
1
1
1
1
1
1
1
1
1
1
1
1
1
1
1
1
1
1
1
1
1
1
1
1
1
1
1
1
1
1
1
1
1
1
1
1
1
1
1
1
1
1
1
1
1
1
1
1
1
1
1
1
1
1
1
1
1
1
1
1
1
1
1
1
1
1
1
1
1
1
1
1
1
1
1
1
1
1
1
1
1
1
1
1
1
1
1
1
1
1
1
1
1
1
1
1
1
1
1
1
1
1
1
1
1
1
1
1
1
1
1
1
1
1
1
1
1
1
1
1
1
1
1
1
1
1
1
1
1
1
1
1
1
1
1
1
1
1
1
1
1
1
1
1
1
1
1
1
1
1
1
1
1
1
1
1
1
1
1
1
1
1
1
1
1
1
1
1
1
1
1
1
1
1
1
1
1
1
1
1
1
1
1
1
1
1
1
1
1
1
1
1
1
1
1
1
1
1
1
1
1
1
1
1
1
1
1
1
1
1
1
1
1
1
1
1
1
1
1
1
1
1
1
1
1
1
1
1
1
1
1
1
1
1
1
1
1
1
1
1
1
1
1
1
1
1
1
1
1
1
1
1
1
1
1
1
1
1
1
1
1
1
1
1
1
1
1
1
1
1
1
1
1
1
1
1
1
1
1
1
1
1
1
1
1
1
1
1
1
1
1
1
1
1
1
1
1
1
1
1
1
1
1
1
1
1
1
1
1
1
1
1
1
1
1
1
1
1
1
1
1
1
1
1
1
1
1
1
1
1
1
1
1
1
1
1
1
1
1
1
1
1
1
1
1
1
1
1
1
1
1
1
1
1
1
1
1
1
1
1
1
1
1
1
1
1
1
1
1
1
1
1
1
1
1
1
1
1
1
1
1
1
1
1
1
1
1
1
1
1
1
1
1
1
1
1
1
1
1
1
1
1
1
1
1
1
1
1
1
1
1
1
1
1
1
1
1
1
1
1
1
1
1
1
1
1
1
1
1
1
1
1
1
1
1
1
1
1
1
1
1
1
1
1
1
1
1
1
1
1
1
1
1
1
1
1
1
1
1
1
1
1
1
1
1
1
1
1
1
1
1
1
1
1
1
1
1
1
1
1
1
1
1
1
1
1
1
1
1
1
1
1
1
1
1
1
1
1
1
1
1
1
1
1
1
1
1
1
1
1
1
1
1
1
1
1
1
1
1
1
1
1
1
1
1
1
1
1
1
1
1
1
1
1
1
1
1
1
1
1
1
1
1
1
1
1
1
1
1
1
1
1
1
1
1
1
1
1
1
1
1
1
1
1
1
1
1
1
1
1
1
1
1
1
1
1
1
1
1
1
1
1
1
1
1
1
1
1
1
1
1
1
1
1
1
1
1
1
1
1
1
1
1
1
1
1
1
1
1
1
1
1
1
1
1
1
1
1
1
1
1
1
1
1
1
1
1
1
--F_QUERIES_END--
Time to query the index (unfiltered): 00:00:03.323'977
Average recall score for unfiltered queries: 0.978982
Time to query the index (filtered): 00:00:00.349'258
Average recall score for filtered queries: 0.99959
