./bin/main --stitched --stat --dummy -n_threads 26 -distance 1 --random_start --no_rgraph --pqueue -extra_edges 15 
Number of threads: 26
Indexing Type: STITCHED_VAMANA
k: 100
L: 100
R: 14
a: 1
Rsmall: 14
Number of extra random edges: 15
Unfiltered
Filtered
Using priority queue
Not using rgraph initialization
Time to create the index: 00:00:00.306'738
Number of edges: 172812
--UNF_QUERIES--
0.295775
0.267606
0.263889
0.197183
0.263889
0.140845
0.311688
0.22973
0.205479
0.189873
0.298701
0.162162
0.211268
0.225352
0.179104
0.177215
0.175676
0.257143
0.32
0.243243
0.228916
0.323529
0.253333
0.405797
0.205128
0.315789
0.121622
0.347826
0.289474
0.146667
0.296296
0.28
0.295775
0.293333
0.177215
0.2875
0.246377
0.223684
0.26087
0.239437
0.256757
0.273973
0.272727
0.15493
0.273973
0.266667
0.25974
0.226667
0.185714
0.25
0.178082
0.185714
0.378378
0.342857
0.243243
0.217949
0.236111
0.364865
0.189189
0.205479
0.192308
0.324675
0.235294
0.291667
0.240506
0.230769
0.197183
0.179487
0.173333
0.2
0.164384
0.219178
0.381579
0.213333
0.188235
0.213333
0.216216
0.25
0.267606
0.266667
0.24
0.228571
0.26087
0.352941
0.352113
0.275362
0.239437
0.205479
0.208333
0.180556
0.16
0.267606
0.171053
0.208333
0.26087
0.323944
0.217949
0.333333
0.295775
0.183099
0.246753
0.197368
0.15493
0.25
0.208333
0.230769
0.324675
0.243243
0.26506
0.15942
0.310811
0.253165
0.24
0.209877
0.225352
0.207792
0.271429
0.179487
0.298701
0.309859
0.253333
0.136986
0.166667
0.346667
0.294872
0.211268
0.1625
0.205479
0.214286
0.293333
0.279412
0.3
0.253333
0.191781
0.205479
0.246753
0.297297
0.166667
0.205882
0.208333
0.271429
0.461538
0.243243
0.194805
0.189873
0.169014
0.22973
0.267606
0.36
0.333333
0.293333
0.126761
0.231884
0.186667
0.259259
0.195122
0.266667
0.243243
0.263889
0.308824
0.146667
0.194805
0.305556
0.2375
0.246914
0.311688
0.219178
0.185714
0.202703
0.214286
0.256757
0.205479
0.273973
0.123288
0.181818
0.216216
0.307692
0.194444
0.283784
0.216216
0.253165
0.194444
0.260274
0.194805
0.144578
0.210526
0.293333
0.297297
0.263158
0.315068
0.184211
0.175
0.150685
0.368421
0.263158
0.131579
0.235294
0.260274
0.316456
0.207792
0.289474
0.287671
0.135135
0.253521
0.25
0.166667
0.205128
0.178082
0.228571
0.16
0.283951
0.180556
0.15942
0.225352
0.310811
0.308824
0.214286
0.25974
0.1875
0.285714
0.146667
0.305556
0.28
0.375
0.183099
0.291667
0.0694444
0.260274
0.207792
0.24
0.219178
0.194444
0.243243
0.265823
0.205479
0.263889
0.298701
0.209877
0.263889
0.217949
0.272727
0.302632
0.184211
0.233766
0.277778
0.242857
0.232877
0.253521
0.289474
0.279412
0.197368
0.161765
0.293333
0.166667
0.21519
0.25974
0.192308
0.205479
0.305556
0.260274
0.276316
0.277778
0.207792
0.305556
0.178082
0.348485
0.253012
0.135802
0.253521
0.277778
0.205479
0.30137
0.191781
0.125
0.223684
0.175676
0.222222
0.233766
0.319444
0.2375
0.213333
0.191781
0.282051
0.239437
0.211268
0.287879
0.383562
0.295775
0.215385
0.296875
0.22973
0.24
0.111111
0.287671
0.169014
0.305556
0.186667
0.232877
0.194444
0.273973
0.268657
0.324324
0.28169
0.148649
0.285714
0.405797
0.219178
0.295775
0.173913
0.192308
0.3
0.323529
0.223684
0.232877
0.333333
0.205479
0.253165
0.25
0.226667
0.2375
0.126761
0.246575
0.25641
0.222222
0.307692
0.227273
0.222222
0.202703
0.315068
0.236111
0.333333
0.222222
0.323529
0.171053
0.125
0.211765
0.210526
0.283784
0.354839
0.197183
0.324324
0.15493
0.306667
0.239437
0.205479
0.333333
0.222222
0.318841
0.260274
0.25
0.347826
0.232877
0.216216
0.263158
0.283784
0.152778
0.194444
0.230769
0.26087
0.210526
0.223684
0.191781
0.2
0.135802
0.213333
0.291667
0.328358
0.319444
0.24
0.323529
0.272727
0.219178
0.232877
0.285714
0.393939
0.205128
0.220588
0.242857
0.188406
0.253521
0.166667
0.178082
0.197368
0.214286
0.135135
0.208333
0.273973
0.152778
0.175676
0.226667
0.210526
0.166667
0.191176
0.242857
0.178082
0.293333
0.197531
0.180556
0.121622
0.236842
0.268293
0.213333
0.266667
0.25
0.25974
0.214286
0.180556
0.1875
0.217949
0.314286
0.184211
0.246753
0.197183
0.202532
0.276316
0.357143
0.197368
0.2875
0.283951
0.2
0.279412
0.323529
0.246575
0.164557
0.168831
0.186667
0.219178
0.146667
0.182927
0.192308
0.256757
0.179104
0.225352
0.178082
0.253521
0.202703
0.352113
0.134146
0.236111
0.214286
0.2125
0.161765
0.337838
0.273973
0.276316
0.267606
0.216216
0.210526
0.236111
0.27027
0.19403
0.227273
0.289855
0.208333
0.225
0.225352
0.213333
0.173333
0.133333
0.202899
0.208333
0.208955
0.333333
0.185714
0.25974
0.266667
0.28
0.220779
0.194805
0.202899
0.243243
0.148649
0.189189
0.291139
0.319444
0.24
0.213333
0.333333
0.298507
0.146667
0.253521
0.186667
0.152778
0.323944
0.178571
0.2
0.197183
0.225352
0.243902
0.24
0.22973
0.1875
0.166667
0.265823
0.233766
0.383562
0.189873
0.188406
0.309859
0.233766
0.194444
0.246753
0.257143
0.306667
0.253165
0.211268
0.26087
0.253333
0.265823
0.231707
0.183099
0.233766
0.24
0.27027
0.282051
0.184211
0.323529
0.273973
0.2125
0.219178
0.273973
0.208333
0.226667
0.324324
0.347826
0.25974
0.225
0.346154
0.287671
0.144928
0.194805
0.232877
0.285714
0.186667
0.277778
0.253333
0.328767
0.278481
0.315068
0.219178
0.191176
0.194444
0.0810811
0.319444
0.2
0.205128
0.217391
0.263158
0.307692
0.291667
0.222222
0.30137
0.338028
0.293333
0.169014
0.179104
0.25
0.324324
0.269231
0.333333
0.140625
0.279412
0.205479
0.25
0.2125
0.181818
0.152778
0.141026
0.140845
0.236111
0.225352
0.243243
0.202703
0.2625
0.186667
0.222222
0.263158
0.298701
0.25
0.266667
0.308642
0.15493
0.121622
0.230769
0.214286
0.319444
0.342466
0.217391
0.24359
0.210526
0.168831
0.213333
0.171053
0.142857
0.343284
0.223684
0.243243
0.26087
0.222222
0.24359
0.253521
0.150685
0.310811
0.294118
0.185714
0.26087
0.216867
0.297297
0.194805
0.189873
0.267606
0.236842
0.207792
0.210526
0.263889
0.219512
0.351351
0.253165
0.15493
0.460317
0.263889
0.307692
0.148148
0.263889
0.24359
0.230769
0.236111
0.222222
0.171053
0.240506
0.226667
0.305556
0.189189
0.214286
0.328767
0.211268
0.235294
0.222222
0.181818
0.131579
0.276316
0.202532
0.275362
0.338028
0.283784
0.297297
0.263889
0.232877
0.235294
0.1875
0.25
0.197368
0.189189
0.223684
0.25974
0.234568
0.25641
0.197368
0.236842
0.337838
0.320513
0.12
0.126761
0.223684
0.166667
0.15942
0.223684
0.25641
0.236111
0.135135
0.253521
0.178082
0.243243
0.243243
0.128205
0.3
0.333333
0.208333
0.263158
0.263158
0.264706
0.205479
0.305556
0.214286
0.246575
0.211268
0.146667
0.232877
0.246575
0.318841
0.26087
0.177215
0.171429
0.232877
0.186667
0.21519
0.223684
0.214286
0.283784
0.126582
0.103896
0.194805
0.391892
0.179487
0.253521
0.138889
0.263158
0.246575
0.207792
0.27027
0.276316
0.178082
0.287879
0.323529
0.275362
0.273973
0.4
0.213333
0.27027
0.2
0.306667
0.169014
0.217949
0.205479
0.142857
0.220779
0.1375
0.28169
0.157143
0.307692
0.246914
0.275362
0.253521
0.27027
0.2
0.222222
0.202899
0.328571
0.239437
0.271429
0.210526
0.186667
0.28
0.216216
0.328571
0.243243
0.213333
0.208955
0.216216
0.135135
0.226667
0.136986
0.222222
0.25974
0.272727
0.15493
0.214286
0.305556
0.0789474
0.180556
0.269231
0.232877
0.293333
0.175676
0.186667
0.197368
0.338462
0.210526
0.289474
0.323944
0.25
0.182927
0.223684
0.25
0.287671
0.371429
0.210526
0.211268
0.333333
0.307692
0.2
0.308824
0.342857
0.28169
0.223684
0.24
0.173333
0.235294
0.310811
0.175
0.213333
0.27027
0.261538
0.25
0.264706
0.216216
0.338028
0.246575
0.22973
0.328767
0.181818
0.175676
0.123288
0.264706
0.202532
0.308642
0.194805
0.230769
0.25
0.287879
0.22973
0.220588
0.346667
0.272727
0.22973
0.191781
0.105263
0.289474
0.232877
0.202532
0.142857
0.0864198
0.236842
0.133333
0.173333
0.342857
0.209877
0.297297
0.246753
0.260274
0.236842
0.207317
0.223684
0.25
0.260274
0.185185
0.22973
0.189189
0.246575
0.185714
0.205128
0.213333
0.232877
0.422535
0.282051
0.216216
0.418919
0.291667
0.12
0.27027
0.226667
0.24
0.157895
0.202703
0.246377
0.273973
0.194805
0.180556
0.25974
0.175676
0.213333
0.216216
0.15942
0.343284
0.306667
0.323944
0.246575
0.214286
0.186667
0.208333
0.228571
0.185185
0.186667
0.3
0.275362
0.293333
0.168831
0.207792
0.260274
0.16
0.171429
0.342466
0.269231
0.226667
0.24
0.125
0.27027
0.202899
0.297297
0.24359
0.268657
0.152778
0.219178
0.212121
0.25
0.358974
0.311688
0.289855
0.28
0.183099
0.346667
0.283784
0.236842
0.268657
0.16
0.150685
0.220588
0.1875
0.219178
0.1625
0.253521
0.166667
0.239437
0.177215
0.375
0.161765
0.266667
0.246575
0.168831
0.15493
0.2
0.232877
0.253333
0.257576
0.179487
0.223684
0.144737
0.242857
0.282051
0.216216
0.272727
0.302632
0.205882
0.191781
0.134328
0.260274
0.283582
0.226667
0.115385
0.298701
0.226667
0.283784
0.25974
0.197368
0.236111
0.256757
0.231884
0.271605
0.197368
0.220779
0.314286
0.25
0.242857
0.138889
0.236842
0.232877
0.223684
0.214286
0.328947
0.146667
0.236842
0.213333
0.205128
0.144737
0.213333
0.186667
0.222222
0.236111
0.272727
0.208333
0.225352
0.24359
0.217949
0.253521
0.2
0.209877
0.189189
0.294872
0.180556
0.211268
0.263158
0.269231
0.220779
0.25974
0.173333
0.220779
0.28169
0.232877
0.271429
0.185714
0.263889
0.232877
0.211268
0.21519
0.178082
0.298507
0.234568
0.291667
0.28169
0.307692
0.361111
0.179104
0.346667
0.272727
0.246377
0.342857
0.173333
0.226667
0.309859
0.16
0.32
0.207792
0.205128
0.347222
0.157895
0.391304
0.269231
0.27027
0.347826
0.205479
0.205128
0.25
0.297619
0.283784
0.25
0.333333
0.210526
0.175676
0.298701
0.121622
0.186667
0.202703
0.164384
0.157143
0.25
0.197368
0.157895
0.226667
0.278481
0.242857
0.178082
0.289855
0.3
0.220779
0.192308
0.180556
0.357143
0.232877
0.28169
0.337662
0.253521
0.253165
0.207792
0.263158
0.207317
0.276923
0.207792
0.324324
0.225352
0.213333
0.315789
0.151899
0.230769
0.279412
0.275362
0.253165
0.171053
0.333333
0.235294
0.253165
0.194444
0.222222
0.25641
0.169014
0.36
0.202703
0.213333
0.223684
0.28
0.2
0.297297
0.179104
0.287879
0.186667
0.314286
0.28
0.2
0.194444
0.197368
0.197183
0.32
0.283784
0.202703
0.338235
0.253731
0.205882
0.351351
0.223684
0.269231
0.25
0.183099
0.166667
0.141026
0.342857
0.28169
0.246575
0.232877
0.305556
0.166667
0.246575
0.166667
0.169014
0.169014
0.272727
0.185714
0.356164
0.239437
0.217949
0.223684
0.177215
0.277778
0.347222
0.205128
0.289474
0.173333
0.133333
0.289474
0.205128
0.309859
0.267606
0.243243
0.285714
0.366197
0.175676
0.207792
0.296296
0.25
0.164384
0.185714
0.197368
0.141026
0.184211
0.253333
0.402778
0.217949
0.28
0.152778
0.232877
0.148649
0.194805
0.313433
0.219178
0.164384
0.225
0.293333
0.253521
0.337838
0.233766
0.24359
0.138889
0.304348
0.197368
0.375
0.22973
0.162162
0.191781
0.277778
0.338028
0.273973
0.315068
0.315068
0.253165
0.253333
0.266667
0.276316
0.424658
0.202899
0.283784
0.291667
0.25641
0.233766
0.25
0.16
0.213333
0.291139
0.28
0.24
0.314286
0.208955
0.2125
0.28169
0.267606
0.146667
0.328571
0.253521
0.246575
0.171053
0.228571
0.214286
0.375
0.202703
0.324675
0.318841
0.287671
0.180556
0.391304
0.164179
0.230769
0.253333
0.2125
0.342466
0.25
0.189189
0.25
0.151899
0.32
0.207792
0.217949
0.28169
0.222222
0.140845
0.342466
0.217949
0.230769
0.128571
0.263889
0.16
0.219178
0.191781
0.240506
0.264706
0.152778
0.285714
0.253521
0.236842
0.243902
0.128571
0.211765
0.189189
0.233766
0.22973
0.239437
0.307692
0.19403
0.189189
0.205128
0.232877
0.246575
0.283582
0.208333
0.27027
0.150685
0.27027
0.222222
0.260274
0.319444
0.25
0.181818
0.314286
0.232877
0.236842
0.178082
0.214286
0.259259
0.283582
0.324324
0.185714
0.21519
0.209877
0.27027
0.22973
0.194805
0.269231
0.256757
0.222222
0.276316
0.131579
0.268657
0.276316
0.15493
0.324324
0.25641
0.171429
0.239437
0.169014
0.285714
0.275362
0.333333
0.236842
0.175
0.222222
0.223684
0.362319
0.175676
0.168831
0.305556
0.207792
0.236842
0.30137
0.307692
0.230769
0.246753
0.283784
0.188406
0.197368
0.24
0.150685
0.232877
0.235294
0.175
0.24359
0.351351
0.256757
0.1875
0.291139
0.226667
0.185185
0.2
0.260274
0.257576
0.338235
0.233766
0.256757
0.266667
0.157895
0.205479
0.1625
0.283784
0.217949
0.202899
0.227848
0.226667
0.246575
0.214286
0.194444
0.186667
0.309859
0.15493
0.142857
0.294872
0.323529
0.293333
0.2
0.246575
0.283784
0.267606
0.197183
0.22973
0.144737
0.231884
0.269231
0.246575
0.25
0.319444
0.279412
0.28
0.135135
0.352113
0.333333
0.180556
0.27027
0.188406
0.192308
0.236842
0.216216
0.213333
0.289474
0.283951
0.231884
0.289474
0.2
0.236842
0.310811
0.246914
0.173913
0.30137
0.220588
0.197183
0.24
0.256757
0.28125
0.323529
0.22973
0.246753
0.263158
0.333333
0.236111
0.227848
0.305556
0.22973
0.25641
0.210526
0.32
0.246753
0.202703
0.191781
0.185714
0.303797
0.243243
0.24
0.276316
0.168831
0.246575
0.225
0.283784
0.15493
0.282051
0.205479
0.318841
0.297297
0.295775
0.26087
0.223684
0.117647
0.263158
0.240506
0.266667
0.207792
0.25
0.342857
0.213333
0.207792
0.285714
0.28169
0.217949
0.202703
0.166667
0.186667
0.246575
0.230769
0.191176
0.30137
0.313433
0.157895
0.213333
0.148649
0.189189
0.27027
0.269231
0.22973
0.197183
0.151899
0.197368
0.310811
0.175676
0.131579
0.27027
0.293333
0.272727
0.267606
0.173333
0.125
0.291667
0.402778
0.315789
0.291667
0.117647
0.216216
0.16
0.309859
0.219178
0.470588
0.24
0.236111
0.164557
0.3
0.246575
0.25
0.213333
0.256757
0.191781
0.368421
0.219178
0.166667
0.222222
0.219178
0.22619
0.19403
0.348485
0.24
0.208333
0.222222
0.277778
0.227273
0.239437
0.2375
0.219178
0.28
0.291667
0.319444
0.16
0.25
0.166667
0.222222
0.138889
0.306667
0.291139
0.266667
0.285714
0.191781
0.164384
0.226667
0.347826
0.30137
0.246575
0.27027
0.236842
0.239437
0.22973
0.277778
0.342857
0.227848
0.308824
0.25
0.16
0.181818
0.222222
0.232877
0.194444
0.211268
0.214286
0.153846
0.171429
0.276316
0.328571
0.186667
0.213333
0.2
0.253333
0.213333
0.342857
0.308824
0.222222
0.175676
0.234568
0.343284
0.342857
0.315789
0.310811
0.21519
0.277778
0.303797
0.2375
0.319444
0.242857
0.287671
0.3
0.213333
0.236111
0.121951
0.108108
0.202703
0.216216
0.207792
0.243243
0.22973
0.171429
0.168831
0.307692
0.197368
0.373333
0.184211
0.266667
0.180556
0.169231
0.181818
0.390625
0.1625
0.287671
0.175676
0.256757
0.272727
0.282051
0.2375
0.157143
0.231884
0.25
0.136986
0.2125
0.239437
0.277778
0.232877
0.152778
0.191781
0.294872
0.283784
0.207792
0.246575
0.278481
0.205128
0.211268
0.171053
0.25
0.205128
0.253521
0.219178
0.328125
0.152778
0.352113
0.169014
0.225352
0.268657
0.213333
0.181818
0.185714
0.191781
0.276316
0.253333
0.278481
0.291667
0.217391
0.323944
0.242857
0.313433
0.273973
0.22973
0.246575
0.256757
0.223684
0.112676
0.272727
0.318841
0.202703
0.22973
0.166667
0.253333
0.164557
0.24
0.328571
0.323944
0.207792
0.287671
0.324324
0.297297
0.246575
0.189189
0.185714
0.375
0.225
0.181818
0.184211
0.243243
0.315789
0.207792
0.225
0.25641
0.21519
0.126582
0.333333
0.22973
0.338028
0.306667
0.168831
0.243243
0.28
0.232877
0.253333
0.240964
0.220779
0.276316
0.342857
0.2125
0.257143
0.214286
0.246575
0.277778
0.253731
0.236842
0.328947
0.156627
0.19403
0.25
0.277778
0.25
0.233766
0.232877
0.243243
0.162162
0.164557
0.189189
0.185714
0.205479
0.216216
0.32
0.161765
0.283784
0.232877
0.311688
0.260274
0.246914
0.194444
0.219178
0.27027
0.267606
0.263158
0.371429
0.307692
0.253333
0.22973
0.25641
0.183099
0.202703
0.285714
0.208333
0.277778
0.173333
0.253731
0.308824
0.2125
0.191781
0.192308
0.342857
0.271429
0.232877
0.263889
0.194444
0.233766
0.242857
0.191781
0.333333
0.223684
0.166667
0.166667
0.266667
0.294872
0.267606
0.287671
0.217949
0.2
0.169014
0.22973
0.152778
0.197368
0.210526
0.260274
0.164384
0.148649
0.202899
0.328767
0.194805
0.220779
0.183099
0.138889
0.219178
0.222222
0.3
0.197368
0.304348
0.242857
0.238806
0.239437
0.197531
0.207792
0.164384
0.314286
0.057971
0.225352
0.178082
0.181818
0.194805
0.369863
0.197368
0.272727
0.205479
0.275362
0.236111
0.239437
0.232877
0.212121
0.202703
0.138889
0.161765
0.260274
0.319444
0.194805
0.269231
0.265823
0.188406
0.291667
0.253333
0.236842
0.179487
0.219178
0.28
0.194805
0.333333
0.323944
0.283784
0.273973
0.347826
0.192308
0.328571
0.357143
0.180556
0.273973
0.222222
0.194805
0.169014
0.151899
0.256757
0.191781
0.168831
0.25
0.144928
0.211268
0.226667
0.253521
0.266667
0.361111
0.253333
0.217949
0.2375
0.131579
0.202703
0.184211
0.342857
0.192308
0.192771
0.202703
0.205128
0.239437
0.236111
0.263889
0.302632
0.263889
0.105263
0.319444
0.223684
0.310811
0.157143
0.207792
0.3
0.178082
0.213333
0.1875
0.364865
0.178082
0.181818
0.253333
0.209877
0.273973
0.126582
0.189189
0.293333
0.350649
0.242857
0.246753
0.304348
0.275
0.253731
0.376812
0.263889
0.166667
0.273973
0.222222
0.263158
0.211268
0.246377
0.228571
0.263889
0.197183
0.263158
0.373134
0.2
0.227273
0.230769
0.211268
0.388889
0.202703
0.226667
0.223684
0.216216
0.294872
0.337838
0.202532
0.289855
0.19403
0.223684
0.275362
0.246575
0.210526
0.222222
0.230769
0.236111
0.197531
0.278481
0.164384
0.25
0.217949
0.246575
0.297297
0.287671
0.242857
0.25
0.223881
0.211268
0.214286
0.207792
0.139241
0.153846
0.253333
0.273973
0.323944
0.228571
0.213333
0.0864198
0.225
0.212121
0.185714
0.305556
0.123288
0.328767
0.323944
0.352113
0.310811
0.24
0.180556
0.25
0.171429
0.271429
0.209877
0.324324
0.162162
0.316456
0.302632
0.25
0.191781
0.260274
0.2125
0.246575
0.152778
0.311688
0.175676
0.26087
0.28169
0.186667
0.352113
0.25
0.191781
0.243243
0.219178
0.189189
0.25
0.27027
0.27027
0.243243
0.342105
0.179487
0.228571
0.295775
0.329268
0.230769
0.184211
0.42029
0.162162
0.291667
0.318841
0.168831
0.181818
0.195122
0.186667
0.243243
0.197531
0.197531
0.272727
0.260274
0.342466
0.338028
0.171053
0.157895
0.24359
0.242857
0.271605
0.2
0.293333
0.1625
0.186667
0.169014
0.276316
0.179487
0.256757
0.173333
0.189189
0.166667
0.213333
0.225352
0.203125
0.27027
0.211268
0.385714
0.3
0.2
0.22973
0.242857
0.277778
0.223684
0.25641
0.253521
0.12
0.2
0.363636
0.192308
0.26087
0.223684
0.202899
0.253333
0.253165
0.212121
0.25974
0.186667
0.211268
0.309859
0.22973
0.25
0.319444
0.328571
0.188406
0.222222
0.0571429
0.328571
0.342857
0.2375
0.205479
0.0923077
0.194444
0.263889
0.287671
0.209877
0.208333
0.263889
0.183099
0.223684
0.162162
0.232877
0.162162
0.309859
0.197368
0.219178
0.226667
0.120482
0.222222
0.194805
0.226667
0.25
0.266667
0.310811
0.207792
0.236111
0.309859
0.142857
0.242857
0.136986
0.30137
0.278481
0.266667
0.253521
0.227848
0.197183
0.188406
0.183099
0.189873
0.283784
0.283784
0.24359
0.287671
0.32
0.24
0.278481
0.197368
0.208333
0.180556
0.164384
0.2125
0.337838
0.202532
0.25
0.180556
0.323529
0.239437
0.230769
0.27027
0.273973
0.289474
0.171053
0.189189
0.271429
0.263889
0.253333
0.236842
0.220779
0.219178
0.253165
0.208333
0.341772
0.25
0.305556
0.22973
0.15625
0.175676
0.246753
0.323529
0.366197
0.260274
0.192308
0.225352
0.176471
0.177215
0.164557
0.183099
0.315789
0.197183
0.246575
0.405405
0.230769
0.297297
0.25641
0.146667
0.230769
0.375
0.210526
0.253333
0.185185
0.25
0.315789
0.147059
0.246753
0.328767
0.213333
0.208333
0.222222
0.243243
0.405797
0.328767
0.287671
0.231884
0.213333
0.232877
0.226667
0.148649
0.222222
0.189189
0.282051
0.157143
0.219178
0.253165
0.164384
0.256757
0.305556
0.166667
0.4
0.302632
0.253521
0.26087
0.24
0.328947
0.253521
0.293333
0.148649
0.277778
0.333333
0.296296
0.222222
0.25
0.177215
0.269231
0.188406
0.368421
0.323944
0.184211
0.257576
0.118421
0.246575
0.266667
0.216216
0.25974
0.320513
0.227848
0.271429
0.181818
0.181818
0.223881
0.316456
0.333333
0.12987
0.228571
0.189873
0.240506
0.24359
0.28
0.304348
0.15493
0.298701
0.235294
0.231884
0.253521
0.236111
0.28
0.171053
0.297297
0.230769
0.333333
0.207792
0.189873
0.164557
0.323944
0.176471
0.148649
0.246575
0.12
0.346667
0.184211
0.1875
0.231884
0.233766
0.188406
0.217949
0.205128
0.239437
0.315068
0.223881
0.2
0.271429
0.194444
0.276316
0.155844
0.266667
0.347222
0.313433
0.24
0.207792
0.238806
0.228571
0.220779
0.144928
0.211268
0.197368
0.235294
0.318841
0.294872
0.24359
0.253521
0.269231
0.263158
0.25
0.267606
0.208333
0.311688
0.2625
0.295775
0.205479
0.287879
0.205479
0.226667
0.219178
0.123288
0.171053
0.225
0.226667
0.22973
0.226667
0.233766
0.235294
0.285714
0.246575
0.230769
0.243243
0.278481
0.267606
0.285714
0.230769
0.140845
0.171053
0.101449
0.233766
0.236842
0.180556
0.171053
0.256098
0.30137
0.164384
0.121622
0.228571
0.217391
0.25
0.1625
0.109589
0.168831
0.253333
0.246753
0.266667
0.152778
0.197368
0.266667
0.263158
0.323944
0.146341
0.329114
0.219178
0.276316
0.263158
0.208333
0.151899
0.166667
0.239437
0.309859
0.269231
0.383562
0.220779
0.25
0.222222
0.253333
0.272727
0.232877
0.272727
0.2625
0.155844
0.219178
0.0933333
0.243243
0.202899
0.219178
0.366197
0.315068
0.306667
0.225352
0.208333
0.22973
0.24
0.233766
0.246753
0.210526
0.239437
0.343284
0.226667
0.115942
0.191176
0.228571
0.27027
0.289474
0.260274
0.209877
0.213333
0.12987
0.208333
0.246575
0.243902
0.227848
0.217949
0.222222
0.194805
0.222222
0.453125
0.243243
0.168831
0.202703
0.242424
0.28
0.25
0.166667
0.2
0.207792
0.219178
0.275362
0.171429
0.219178
0.263889
0.140845
0.293333
0.225352
0.223684
0.157895
0.28
0.256757
0.277778
0.197531
0.30137
0.2375
0.25974
0.210526
0.128571
0.217949
0.208333
0.347222
0.191781
0.343284
0.233766
0.183099
0.15
0.191781
0.144737
0.233766
0.205479
0.2375
0.155844
0.246753
0.352113
0.240506
0.277778
0.25
0.207792
0.183099
0.243243
0.277778
0.2
0.289474
0.271429
0.271429
0.328947
0.220588
0.266667
0.260274
0.175
0.242857
0.269231
0.225352
0.24
0.197368
0.272727
0.183099
0.263889
0.232877
0.236111
0.295775
0.207317
0.184211
0.189189
0.2
0.202703
0.24
0.295775
0.285714
0.267606
0.257143
0.239437
0.243243
0.25641
0.2375
0.12987
0.243243
0.205882
0.202532
0.142857
0.293333
0.204819
0.217949
0.211268
0.338028
0.226667
0.306667
0.253333
0.282051
0.197368
0.25
0.183099
0.302632
0.328947
0.217949
0.181818
0.205882
0.208333
0.257576
0.191176
0.35443
0.216216
0.375
0.139241
0.259259
0.318841
0.171429
0.287671
0.265823
0.242857
0.277778
0.402985
0.164384
0.24359
0.2
0.21519
0.253333
0.2
0.24
0.371795
0.2
0.282051
0.216216
0.15493
0.205128
0.207792
0.180556
0.211268
0.25
0.150685
0.22973
0.214286
0.268657
0.25
0.256757
0.171053
0.236842
0.27027
0.207792
0.220588
0.357143
0.173333
0.293333
0.28125
0.222222
0.276316
0.173333
0.289855
0.324324
0.416667
0.246575
0.283784
0.152778
0.253165
--UNF_QUERIES_END--
--F_QUERIES--
0.824324
0.549451
0.247423
1
0.306122
0.652174
0.516129
0.597826
0.602041
0.632184
0.615385
0.532609
1
0
0.59375
0.39
0.291667
0.636364
0.393617
0.535714
0.255102
0.617977
0.633333
0.505495
0.550562
0.408163
0.629214
1
0.295918
0.663043
0.87013
0.326531
0.608696
0.595745
0.655914
0.479167
0.350515
0.506173
0.655914
0.581395
0.629214
1
0.378947
1
0.505263
0.630435
0.33
0.571429
0.604651
0.537634
0.494253
1
0.255102
1
0.527473
1
0.6
0.285714
0.419355
0.438202
0.561798
0.535714
0.78022
0.755556
0.576087
0.347368
0.343434
0.636364
0.351064
0.55914
0.505747
0.381443
0.377551
0.343434
0.313131
0.681319
0.638298
0.56383
0.663158
0.663043
1
1
0.886076
0.630435
0.360825
0.56383
0.593407
0.578313
0.252525
0.611765
0.465909
0.364583
0.666667
0.714286
0.326316
0.591837
0.677778
0.336735
0.466667
0.478723
0.738636
0.285714
0.576087
0.568421
0.488889
1
0.590909
0.295918
0.527473
0.641304
0.313131
0.610526
0.580645
1
0.890411
0.534884
1
0.635417
0.559524
1
0.670103
0.787234
0.626374
0.552083
0.548387
0.695122
0.698925
0.478261
0.52381
0.30303
1
0.553191
0.602273
0.632184
0.494737
0.544444
0.659091
0.536082
0.30303
0.326531
0.23
0.357895
0.438776
0.3125
0.581395
0.733333
0.617021
0.613636
0.5625
0.987342
0.655172
1
0.925
0.628866
0.309278
0.494624
0.636364
1
1
0.564706
0.292929
0.694737
0.391753
0.522222
0.608696
0.677419
1
0.602151
0.326531
0.27551
1
0.623529
0.608696
0.655556
0.682353
0.611765
0.527473
0.58427
0.786517
0.278351
0.284211
0.329897
0.648352
1
0.29
0.343434
0.476744
1
0.638554
0.652632
1
0.52439
0.47191
0.343434
1
1
0.425287
0.674157
0.36
1
1
0.304348
0.632184
1
0.33
1
0.333333
0.597826
0.288889
0.532609
0.282828
0
0.633333
0.629214
0.402062
0.640449
0.537634
1
1
0.616279
0.21875
0.638298
0.635417
0.563218
0.73913
0.7
0.523256
0.36
1
0.901235
0.363636
0.438776
0.585106
0.354167
0.709302
0.536842
0.295918
0.44898
0.360825
0.546512
0.542553
0.606383
0.695652
1
0.975
0.585106
0.329897
0.4
0.666667
0.316327
0.67033
0.336735
0.377551
0.670213
0.325843
0.364583
0.520833
0.37
0.510638
0.456522
1
0.623656
0.638298
0.28125
1
0.361702
0.65625
0.758621
0.516484
0.506329
0.571429
0.695652
0.673913
0.835821
0.621053
0.511628
0.36
0.56044
0.294737
0.505618
0.34
0.402062
0.691489
0.454545
0.465909
0.866667
0.488889
0.494253
1
1
0.577778
0.655172
0.521277
0.5
0.522222
0.625
0.628866
0.377551
0.550562
1
0.940476
0.636364
0.820513
0.520833
1
0.670103
0.343434
0.32
0.505376
0.333333
0.571429
0.351064
0.511905
0.589744
0.681818
0.48913
1
0.579545
1
0.72043
0.702381
0.616279
0.322917
1
0.237113
0.643678
0.673913
0.397959
0.294737
1
0.5
0.363636
0.604651
0.477273
0.34375
0.393939
0.974359
0.306122
0.727273
0.606383
0.548387
0.278351
0.655172
0.22449
1
1
0.424242
0.649485
0.534091
0.639535
1
0.51087
0.531915
0.593407
0.60241
0.295918
1
0.276596
1
1
0.566667
0.360825
0.326531
0.673913
1
0.565217
0.306122
1
1
0.375
0.3
0.367347
0.464286
0.323232
0.34
0.595506
1
0.5
0.494737
0.244898
0.580645
0.526316
0.837838
0.670213
0.651163
0.569892
0.521739
0.28866
0.340206
0.689655
0.548387
1
1
0.493976
1
0.346939
0.27551
0.635417
1
0.357895
0.433333
0.34
0.550562
0.34
0.319149
0.516854
0.820513
0.565217
0.571429
0.712766
0.565217
1
0.5
0.538462
1
0.516854
0.654321
1
0.541667
0.542553
1
1
0.595745
1
0.618557
0.611111
0.574468
0.616279
0.595506
1
0.27
0.593407
0.925926
1
0.32
0.576087
0.580645
1
0.461538
0.28125
0.306122
0.336842
0.608696
0.621053
1
0.591398
0.273684
0.975309
0.343434
0.67033
0.42
0.554217
0.28125
0.696629
0.520833
0.340426
0.3125
0.32
0.95
0.234694
0.55914
0.571429
1
0.617021
0.43617
0.51087
1
1
0.875
0.319588
0.376344
0.373737
0.371134
0.557895
0.483516
0.431818
1
0.741935
0.426966
1
0.30303
0.612903
1
0.576087
0.378947
1
0.265306
0.333333
0.926829
0.586957
1
0.695122
0.646341
0.242105
1
1
0.523256
1
0.305263
0.346939
1
0.3125
0.881579
0.7
0.629214
0.561798
0.38
0.569767
0.824176
1
0.383838
0.655914
0.442105
0.590909
0.681818
0.604651
0.21875
0.632184
0.494382
0.526882
0.534091
1
0.371134
0.647059
1
0.357895
0.323232
0.544444
0.308511
0.550562
0.697674
0.53125
0.282828
0.515464
1
0.707865
0.591398
0.571429
0.606742
0.4
0.644444
0.57732
0.625
0.329897
0.226804
0.935897
0.619565
0.632184
0.28
1
0.578313
0.622449
0.648936
1
0.57732
1
0.704545
0.285714
0.681319
0.387755
1
0.893333
0.285714
0.538462
0.663158
0.463158
0.552941
0.554348
0.611111
1
0.630952
1
0.641304
0.566667
0.242424
1
0.455556
0.614583
0.574468
0.659341
0.828947
0.494382
0.323232
0.573034
0.633333
0.347368
0.557895
1
1
0.610526
0.595745
0.476744
0.343434
1
0.285714
0.588889
0.828571
0.987654
0.741573
0.602151
0.539326
0.478261
1
0.282828
0.590909
0.604396
0.453608
0.554348
0.333333
0.433333
0.585106
0.436782
0.51087
0.5
0.294737
0.55914
0.662921
0.483146
0.659574
0.5
0.455556
0.28125
0.466667
0.708333
0.608696
0.48913
0.387755
1
0.528736
0.569892
0.510417
0.28125
0.585106
0.385417
0.641304
1
0.5
0.722222
1
0.438776
0.571429
0.582418
0.623656
1
0.343434
0.28
0.659091
0.648352
0.448276
0.613636
0.663043
0.313131
0.51087
0.3125
0.543478
0.611111
0.369048
0.465909
1
0.554348
0.381443
0.302083
0.62766
0.537634
0.651163
0.511628
0.276596
1
1
0.614583
0.516129
0.333333
0.617977
0.242424
1
1
0.545455
0.393939
1
0.568182
0.56044
0.5625
0.538462
0.525773
0.556701
0.282828
0.711111
0.309278
0.37
0.571429
0.704545
0.462366
0.663158
0.586957
0.354167
0.67033
0.552083
0.48913
0.532609
0.663043
0.268041
0.546512
0.465909
0.535714
0.571429
0.3125
0.638554
0.55914
0.57732
1
0.538462
1
0.732558
0.478723
0.582418
0.385417
0.457447
1
0.555556
1
0.360825
0.367347
0.216495
0.634409
1
0.457447
0.265306
0.580645
0.619048
0.5625
0.666667
0.505376
0.666667
0.278351
0.434783
0.755102
0.408163
0.648936
0.606383
0.522727
0.521277
0.736264
0.617021
0.689655
1
0
0.644444
0.543478
0.393939
0.627907
0.552083
0.704545
0.640449
0.588889
0.555556
0.371134
0.313131
0.717391
0.361702
0.651685
0.616279
0.371134
0.645161
0.931507
1
0.615385
0.313131
0.285714
0.532609
0.894737
0.630952
0.298969
1
0.550562
0.255102
1
0.612903
0.273684
0.569892
0.960526
0.489583
1
1
0.545455
0.574468
0.521739
0.641304
0.634409
0.56383
0.975
0.305263
0.343434
0.648352
0.569892
0.434343
0.556701
0.5
0.322917
0.302083
0.961039
0.551724
0.551724
0.42
1
0.357143
0.680412
0.820513
0.27551
0.58427
0.677419
0.581395
0.265306
0.637363
1
0.472527
1
0.387755
0.654762
1
1
0.545455
0.459184
0.482353
0.52439
0.326316
0.346939
0.586207
1
0.565217
0.684211
0.309278
0.484536
0.295918
0.357143
0.326316
0.579545
0.505376
1
0.465909
1
0.309278
0.531915
0.663043
0.643678
0.642105
0.837838
0.357895
0.494253
0.651685
0.292929
0.347368
0.333333
1
0.737374
0.516129
0.351064
1
0.375
0.617021
0.565217
0.688172
0.476744
0.684211
0.593023
0.566667
0.522222
0.343434
1
0.833333
0.444444
0.527473
1
0.635294
0.576087
0.506024
0.629214
0.679012
0.617977
0.566667
1
0.590909
0.285714
1
0.532609
1
0.255319
0.494505
0.670213
0.873418
0.56044
0.621053
1
0.666667
1
0.608247
0.505618
0.547368
0.387755
0.531915
0.319588
0.6
1
0.543478
0.329897
0.630952
1
0.680412
1
0.606742
0.681319
0.472527
0.292929
0.505882
0.268041
0.662921
0.611111
0.697674
0.545455
0.306122
0.511111
0.494382
0.377551
0.285714
1
0.538462
0.541667
0.622222
0.516854
1
0.383838
0.47191
0.740741
0.56044
0.412371
0.5
0.611111
0.794521
0.309278
0.445652
0.523256
0.511364
0.291667
0.5625
0.640449
0.588889
0.533333
1
0.634409
0.59375
0.353535
0.393939
1
1
0.367347
0.612903
0.579545
1
0.561798
0.340206
0.673684
0.397959
1
0.247423
0.354839
0.3125
0.545455
0.262626
1
0.473118
0.37234
0.438776
0.517241
0.516484
0.385417
0.610526
0.343434
0.494382
1
0.271739
0.637363
0.539326
0.5
1
0.526882
0.666667
0.34375
0.489362
0.343434
0.364583
1
0.6
0.609195
0.373737
0.662921
0.683544
0.565217
1
0.333333
0.488889
0.553191
1
0.604651
1
0.655556
0.326531
1
0.696629
0.360825
0.571429
1
1
0.247423
0.510638
0.629214
0.309278
0.51087
0.714286
0.717647
0.265306
0.28
0.696629
1
0.714286
0.705263
0.688172
0.555556
0.549451
0.555556
0.306122
0.433735
0.638298
1
0.537634
0.611765
1
0.580645
0.685393
0.585106
1
0.544444
0.357143
0.640449
0.648936
0.347368
0.452381
0.612903
0.769231
1
0.638298
1
0.265306
1
0.397959
0.3125
1
0.438776
0.714286
0.709302
0.316327
1
0.586957
0.484211
0.703297
0.244898
0.607143
0.493671
0.402062
0.523256
1
0.611111
1
0.438202
1
0.56383
0.354167
0.591837
0.673913
0.547368
0.43617
0.582278
0.678571
0.589474
0.316327
0.482759
0.5
1
1
0.55914
0.641304
0.972973
0.636364
0.938272
0.726316
0.45977
1
0.306122
0.685393
0.21875
1
0.329897
1
0.35
0.621053
0.232323
0.371134
0.548387
0.595745
0.516484
0.543478
1
0.670213
0.574468
0.27551
0.580645
0.532609
0.3125
0.72619
1
0.613636
1
0.684783
1
0.645161
0.576087
1
0.670455
0.315217
0.30303
0.62069
0.262626
0.27
1
0.652174
1
0.39
0.326531
0.357143
0.340206
0.722222
0.553191
0.583333
0.685393
0.45977
0.647727
0.548387
0.505495
0.361702
0.456522
0.640449
1
1
0.515789
0.56383
1
0.346939
0.488636
0.602273
0.28
1
0.311828
0.463158
1
0.414141
0.583333
0.455556
0.621053
0.608696
0.522222
1
0.75
0.260417
0.614583
0.531915
0.607143
0.505263
1
1
0.636364
0.962963
0.530612
0.27957
0.6
0.454545
0.621053
1
1
0.538462
0.60241
0.666667
0.715789
0.284211
1
1
1
0.707865
1
0.547619
0.851351
0.515789
0.395833
0.842105
0.694118
0.5
0.354839
1
0.619048
0.638554
0.291667
1
0.537634
0.56044
0.569767
0.591398
0.706667
0.666667
0.538462
0.534091
0.597701
0.295918
0.368421
0.468085
0.65625
0.516484
1
0.568182
0.541667
0.343434
0.557895
0.522222
0.278351
0.764706
0.571429
0.663265
0.582418
1
0.346939
1
0.574468
0.55914
0.453488
1
0.27957
0.629214
0.597826
0.455556
0.614458
1
0.40404
0.285714
0.536842
0.444444
0.521739
0.323232
0.329787
0.604167
1
0.25
0.56044
0.595506
0.309278
0.32
0.637363
0.593023
0.710843
1
0.626374
0.346939
0.518072
0.631579
0.305263
0.58427
0.577778
0.614583
0.620253
0.488636
0.633333
0.278351
0.585106
0.326531
1
0.329897
0.690476
0.517241
1
0.326531
0.282828
0.551724
0.75
0.306122
1
0.306122
1
1
0.640449
0.539326
1
0.647059
0.494382
1
0.738095
0.340206
0.604396
1
1
0.447917
0.666667
0.313131
0.247423
0.505376
0.677778
1
0.521277
0.381443
0.367347
0.346939
0.602151
0.583333
0
0.608696
0.34375
0.565217
0.602273
1
0.423913
0.483871
0.576471
0.531915
1
1
0.367347
0.442105
0.346939
0.62766
0.553191
0.295918
0.569892
0.680412
0.628866
0.7
0.707317
0.561798
0.663043
0.543478
0.62766
0.697917
0.629214
1
0.704545
0.65625
0.55914
0.52809
0.484211
1
1
1
1
1
0.707317
0.515789
0.526882
0.636364
0.738636
0.572917
1
0.648352
0.681319
1
0.284211
1
1
0.37
0.634409
0.389474
0.597826
0.568182
0.702128
0.646465
0.702128
0.6
0.285714
0.239583
0.820513
0.560976
0.56383
1
0.364583
0.662791
0.634146
1
0.185567
0.602273
0.694737
0.27551
1
0.323232
0.623529
0.4
0.961538
0.353535
0.673684
1
0.586957
0.565217
0.526882
0.728261
0.270833
0.340206
0.373737
0.974026
0.557895
0.360825
0.609195
1
0.456522
1
1
0.606383
0.257732
1
0.618421
0.494253
1
1
1
0.438202
0.564706
0.343434
0.602041
0.350515
1
1
0.565217
0.494505
0.578947
0.306122
0.360825
0.467391
0.494382
1
1
0.539326
0.295918
1
0.673913
0.636364
0.315789
0.948052
0.577778
0.515789
0.565217
0.411111
0.181818
0.638298
0.791045
0.234043
0.565217
1
0.642857
0.615385
0.526882
0.894737
0.473684
0.319588
1
0.247423
0.579545
0.478723
0.573034
1
1
0.666667
0.36
0.436782
0.602151
0.326531
0.55814
0.703297
0.582418
0.298969
0.636364
0.6
0.604167
0.340206
0.483146
0.554348
0.666667
0.306122
0.295918
0.329897
0.640449
0.28125
0.556701
0.340206
0.7
0.381443
0.291667
0.630435
0.34
0.505618
0.4
0.580645
0.853333
1
1
1
0.494624
0.333333
0.617977
0.454545
0.677083
1
0.488095
0.368421
0.295918
0.52439
1
0.557895
0.56383
0.343434
0.960526
0.628866
0.616279
1
0.326316
0.353535
1
0.326531
0.511628
0.244681
0.851852
0.625
0.622222
0.298969
0.597826
0.350515
0.582418
0.619565
0.9
1
1
0.731183
0.482759
0.717391
0.532609
0.478723
1
0.626374
0.316327
0.309278
0.630435
0.302083
0.367347
0.371134
1
0.316327
0.636364
0.617021
0.67033
0.346939
0.891892
0.494118
0.420455
0.450549
1
0.357143
0.810811
0.393939
0.538462
0.623656
0.589474
0.621053
0.855263
0.526882
0.488372
0.28
0.302083
0.527473
1
0.876712
0.22
0.597826
0.56383
0.625
0.323232
0.494624
1
0.632184
0.9375
1
0.674157
0.522222
1
0.458333
0.38
0.3125
0.722222
0.354839
0.397959
0.294737
0.453608
1
0.622222
1
0.554348
0.4
0.292929
0.636364
0.597938
0.715909
0.595506
0.648352
0.25
0.206186
0.34375
0.326087
1
0.73494
0.391753
0.316327
0.539326
0.547619
0.326531
0.639535
0.387097
0.610526
0.65625
0.65625
0.31
0.727273
0.521277
1
0.563218
0.597701
0.635294
0
0.35
0.805195
0.7
0.5
0.27551
0.554217
1
0.974684
0.619565
0.574468
0.305263
0.684783
0.673684
0.574468
0.464286
0.237113
0.336735
0.263158
0.75
0.62766
0.574713
0.528736
0.586957
0.640449
1
0.255102
0.444444
0.343434
0.685393
0.666667
0.677778
0.282828
0.707317
0.494737
0.782609
1
0.677778
0.752941
0.655914
0.309278
0.472527
0.642105
0.195876
0.648936
1
0.51087
1
0.306122
0.5
0.623656
0.25
0.551724
0.387755
0.340206
0.574713
0.3125
1
0.4
1
0.56383
0.542553
0.364583
0.634409
0.3
0.521277
0.340206
0.939024
0.3125
0.306122
0.625
0.536842
0.306122
0.326531
0.597826
0.987654
0.360825
0.659341
0.651163
0.636364
0.546392
0.87013
0.629214
0.797753
0.71875
0.602151
0.706522
0.590361
0.659091
0.483871
0.571429
0.587629
1
1
0.784946
0.566265
0.402062
0.313131
0.574468
0.612903
0.641304
1
1
0.581395
0.684783
1
0.340659
0.662651
0.350515
0.534091
0.666667
0.633333
0.744444
0.2
0.634409
0.291667
0.305263
0.651163
0.616279
0.693182
0.597826
0.494382
0.597938
0.454545
0.758242
0.578947
0.471264
0.518519
0.295918
0.516484
0.284211
0.73913
0.623656
1
1
0.987805
0.707865
1
0.593407
1
0.627907
1
0.526882
0.350515
1
1
1
0.595506
0.696629
0.590909
0.655172
1
0.583333
0.431579
1
0.595506
0.32
0.510417
0.242105
0.689655
1
0.272727
0.31
0.72043
0.30303
0.450549
0.987342
0.630952
0.565217
0.353535
1
0.515789
1
0.553191
1
0.521277
0.28
0.451613
1
0.625
0.566667
1
0.516854
0.5
1
0.608247
0.67033
0.586957
1
0.577778
1
0.647727
0.709302
0.527473
0.608247
1
0.571429
0.433333
1
0.391753
0.39
1
0.31
1
0.483516
0.632184
0.511111
0.3125
0.934211
0.478723
0.565217
0.543478
0.659574
0.670455
0.255102
0.75
0.3125
0.526882
0.616279
0.643678
0.511628
0.255102
0.655556
1
0.516854
0.623656
0.647727
0.633333
0.619565
0.357143
0.313131
0.333333
0.547619
0.569892
0.569892
0.645833
0.574468
0.37
0.617021
1
0.323232
1
0.56383
0.574468
0.292929
0.638298
0.617977
1
0.295918
0.615385
0.336735
0.537634
1
0.653061
0.316327
0.72093
0.744681
1
0.658537
0.728261
0.662921
0.634409
0.662921
0.568182
0.548387
0.684211
0.371134
0.482353
0.616162
1
0.547368
0.593407
0.625
0.7875
1
0.634409
0.549451
0.293478
0.285714
0.62069
0.526882
0.705263
0.593407
0.610526
1
0.606742
1
0.257732
0.554348
0.543478
0.252525
0.298969
1
0.696629
0.659091
1
1
0.363636
0.674419
0.604396
0.692308
0.608696
0.363636
0.479167
0.67033
0.764045
1
0.28866
0.692308
0.494624
0.578313
0.569767
0.569892
1
0.549451
1
0.962963
0.568421
0.921053
1
0.479592
0.55914
0.582418
0.3125
0.515464
0.544444
0.393939
0.484211
1
1
0.522727
0.549451
0.648352
0.673913
0.526316
0.758242
1
0.292929
0.663043
0.530612
0.27
0.565217
0.647727
0.678161
0.373494
0.6
1
0.478723
0.666667
0.482759
0.640449
0.354167
0.387755
0.56044
1
0.655172
0.510638
0.577778
0.216495
0.731183
0.526882
0.619565
0.428571
0.635417
0.6
0.516129
0.309278
0.578947
0.56701
0.457447
0.617977
0.353535
0.336842
0.297872
1
0.986842
0.295918
0.347368
0.612903
0.586207
0.573034
0.602151
0.521739
0.805195
0.710843
0.537634
0.197917
1
0.27551
0.350515
0.851852
1
0.673913
0.569892
0.662791
0.391753
0.651163
0.569892
0.6
0.576087
1
0.28866
0.755814
0.511364
0.478723
0.712644
0.557895
0.546512
0.367347
0.418367
0.343434
0.547619
1
0.397959
0.234043
0.516484
0.561798
0.685393
0.5
0.677778
0.625
0.604167
0.282828
0.268041
0.648352
1
0.631579
0.511111
0.292929
1
0.473684
0.634409
0.622222
0.482759
0.662921
0.292929
0.511364
0.532609
0.319588
0.255102
0.537634
0.634409
0.430233
0.632184
0.511905
1
0.586957
0.252525
0.428571
0.543478
0.363636
0.586957
0.31
1
0.557895
1
1
0.541176
0.385417
0.674157
0.571429
0.974684
1
1
0.553191
1
0.629214
0.666667
0.232323
0.56383
1
0.451613
0.295918
0.438202
1
0.652174
0.608696
1
0.214286
0.625
0.22449
0.608696
1
0.835443
0.677778
1
0
0.376471
0.536082
1
0.674699
0.488889
0.260417
0.636364
0.602151
0.549451
0.550562
1
0.722222
0.316327
0.611111
0.446809
0.545455
0.460674
0.350515
0.924051
0.670455
0.5
0.576087
0.622449
0.483516
0.640449
0.612903
0.461538
0.471264
0.378947
0.455556
0.56044
0.634146
0.685393
0.37
0.941176
0.6
0.568421
0.606383
0.25
0.316327
0.511111
0.505495
0.295918
0.32
0.681818
0.610526
0.36
0.493976
0.488889
0.544444
0.515789
0.655172
0.561798
1
0.752941
1
0.353535
0.30303
1
0.393617
0.580645
0.532609
0.34375
0.282828
0.326531
1
0.265306
1
0.7
0.22449
0.547368
0.547368
0.457447
1
0.685393
1
1
0.67033
0.488889
1
0.354167
0.466667
1
1
0.326531
0.613636
0.688172
0.58427
0.510638
0.32
0.47
0.62069
1
0.925926
0.577778
0.615385
0.406977
1
0.569892
0.487805
0.702128
0.393617
0.257732
0.574468
0.55814
0.5
0.343434
1
0.55914
0.416667
0.42268
0.606383
1
0.666667
0.3125
0.659091
1
0.543478
0.408163
0.416667
0.576087
0.527473
0.863014
1
0.5
0.614458
0.662791
1
0.666667
0.833333
0.578947
0.481481
0.597561
1
0.347368
1
0.319588
0.542553
0.478261
0.323232
1
0.810127
0.722222
0.43617
0.548387
0.697674
0.604396
0.51087
0.516129
0.268041
1
0.729412
0.586957
0.265306
1
0.597938
0.363636
0.5
1
0.563218
0.363636
1
0.43617
1
1
0.416667
1
0.5
0.455556
0.595745
0.689655
0.472527
0.313131
0.644444
0.571429
0.488636
0.677778
0.329787
0.588235
0.30303
0.505618
1
0.583333
0.237113
1
0.436782
0.333333
0.533333
0.670588
0.397849
1
0.529412
0.343434
0.632184
1
0.22449
0.488889
1
0.537634
0.670455
0.975309
1
0.555556
1
1
0.631579
0.56044
0.645161
0.516129
0.294737
1
0.543478
0.33
0.43956
0.666667
0.353535
0.360825
1
0.353535
0.417582
0.516484
0.8125
1
0.26
0.30303
1
0.526316
0.515789
0.588889
0.553191
1
0.510417
0.975
1
1
0.488636
0.53125
0.623529
0.917808
0.456522
0.6
0.534884
1
0.505495
0.566667
0.610526
0.309278
0.556701
0.652174
0.40625
0.565217
1
1
0.75
0.494253
0.705882
1
0.306122
0.694118
0.771084
0.636364
0.488095
0.645161
0.602151
1
0.522727
0.473118
0.541176
0.57732
0.566667
0.27551
1
0.578947
0.632184
0.516484
0.623529
0.536082
0.306122
0.658824
0.473118
1
0.34375
0.655172
0.47191
0.25
0.573034
0.265306
0.28
0.695652
0.270833
0.565217
0.677778
0.717391
0.505882
0.604396
0.305263
0.326531
0.357143
1
0.615385
0.539326
1
1
0.666667
1
0.684783
0.323232
0.663158
0.522727
0.47619
0.637363
0.565217
0.494624
0.494505
0.655172
0.810127
0.684783
0.336735
0.329787
0.571429
0.242424
0.413793
0.648352
1
0.629214
1
1
0.555556
0.538462
0.549451
0.633333
0.591398
0.568182
0.698925
0.375
0.663043
0.505376
0.483871
0.894737
0.78481
0.451613
1
0.847222
1
0.510638
0.353535
1
0.618557
0.563218
0.684783
0.582418
0.446809
0.340206
0.705882
0.723404
1
0.252632
0.52809
1
1
0.412371
0.333333
0.576087
0.55102
0.615385
0.423913
0.523256
0.677778
0.645833
0.6
0.27551
1
0.569892
0.505495
0.619565
--F_QUERIES_END--
Time to query the index (unfiltered): 00:00:00.611'678
Average recall score for unfiltered queries: 0.238219
Time to query the index (filtered): 00:00:00.514'414
Average recall score for filtered queries: 0.600334
