./bin/main --stitched --stat --dummy -n_threads 26 -distance 1 --pqueue -extra_edges 15 
Number of threads: 26
Indexing Type: STITCHED_VAMANA
k: 100
L: 100
R: 14
a: 1
Rsmall: 14
Number of extra random edges: 15
Unfiltered
Filtered
Using priority queue
Time to create the index: 00:00:03.978'158
Number of edges: 226074
--UNF_QUERIES--
0.86
1
1
1
1
0.958333
1
1
0.977273
1
1
1
1
1
1
1
1
1
1
0.854167
1
1
1
1
1
0.980769
1
1
1
1
1
1
1
1
0.972222
1
1
1
0.787234
1
1
0.906977
1
1
0.730769
1
1
1
1
1
0.945946
1
1
1
1
1
0.928571
1
0.882353
1
1
1
1
1
1
1
1
1
0.88
1
1
1
1
1
0.958333
1
1
1
0.88
1
0.76087
1
1
1
1
1
1
1
1
0.853659
1
1
1
1
1
1
0.913043
1
1
1
1
1
1
0.959184
1
1
0.914894
0.98
1
1
1
0.909091
1
0.803922
1
1
1
1
1
1
1
1
1
1
1
1
1
1
1
1
1
1
1
1
0.928571
1
1
1
1
1
1
1
1
1
1
0.980769
1
1
0.94
1
1
1
1
1
1
1
0.886364
0.961538
1
1
0.826087
1
1
1
1
0.913043
1
1
1
1
1
1
1
1
0.897959
1
1
1
1
1
0.755102
1
1
1
0.977778
1
1
0.708333
1
0.740741
1
1
0.76087
0.95
0.906977
0.816327
1
1
1
0.9
1
1
1
1
1
1
0.77551
1
1
1
1
1
1
1
0.875
1
0.938776
0.978261
1
1
1
0.979592
1
0.843137
1
1
1
1
1
1
0.954545
1
0.862745
1
1
1
1
1
1
1
0.897959
1
1
1
1
1
1
1
0.895833
1
1
1
1
1
1
1
1
1
1
1
1
1
1
1
1
1
0.8125
1
1
0.9
1
0.658537
1
1
1
1
1
1
1
1
1
1
1
0.833333
1
1
1
1
1
1
1
1
1
1
1
1
0.75
0.846154
1
0.880952
1
0.977273
1
1
1
1
0.833333
1
1
1
1
1
1
1
0.8125
1
1
1
0.953488
1
1
1
1
1
1
1
1
0.71875
0.942308
0.958333
1
1
1
0.76087
1
0.955556
1
1
1
0.886792
1
1
1
1
1
1
1
1
1
0.942308
1
1
0.625
1
1
1
1
1
1
0.86
1
0.948718
1
1
0.884615
1
0.883721
1
1
1
1
0.854545
1
1
1
1
1
1
1
0.895833
1
1
1
0.952381
1
1
1
1
1
1
1
1
1
0.909091
1
1
1
1
1
1
0.930233
1
1
0.977273
0.891892
0.894737
1
1
1
1
0.913043
1
1
1
1
1
1
1
1
1
1
0.625
1
1
1
1
1
1
1
1
1
1
1
1
1
1
1
0.857143
1
0.977273
1
1
1
1
1
1
1
1
1
1
1
0.902439
1
1
0.871795
1
0.944444
0.65
1
1
1
1
1
1
1
1
1
1
0.769231
1
1
1
1
1
1
1
1
1
0.804348
1
1
1
0.943396
1
1
1
1
1
1
1
1
1
1
1
1
1
0.916667
1
1
1
1
1
0.934783
1
1
1
1
1
0.864865
1
1
0.555556
1
1
1
1
1
1
1
1
1
1
1
1
1
0.897959
0.883721
1
1
1
0.930233
1
1
1
1
1
1
1
1
1
1
1
1
1
1
1
1
0.901961
1
1
1
0.823529
1
1
0.97619
1
1
1
1
1
1
1
1
0.888889
0.837209
1
1
1
1
1
1
1
1
0.884615
1
0.73913
0.854167
1
1
1
1
1
1
1
1
1
1
1
0.851852
1
1
1
1
1
0.906977
1
1
1
1
0.902439
1
1
1
1
0.951219
1
0.976744
1
1
1
1
1
1
1
0.979167
1
1
1
1
1
1
1
1
1
1
1
1
0.791667
1
1
0.714286
0.818182
1
1
0.724138
1
1
1
1
1
0.906977
1
1
1
1
1
1
1
0.860465
0.843137
1
0.837838
1
1
1
1
1
0.679245
1
1
1
1
1
1
0.902439
0.666667
1
1
0.566038
0.906977
1
1
1
0.842105
1
0.863636
1
1
0.880952
1
1
1
1
1
1
1
1
1
1
1
1
1
1
0.928571
0.652174
1
1
1
1
1
0.981132
1
1
1
1
1
0.979592
1
1
1
1
1
1
0.875
1
1
1
1
1
1
1
1
1
1
1
0.8
1
1
1
1
1
1
1
1
1
1
1
1
1
1
1
1
1
1
1
0.979592
1
1
0.904762
0.857143
1
0.97619
1
1
1
1
1
1
0.833333
1
1
1
1
1
0.765957
1
1
1
0.878049
1
1
1
0.94
1
1
1
0.903846
1
1
1
1
1
1
1
1
1
1
1
1
0.857143
0.860465
1
1
0.840909
1
1
1
1
1
1
1
1
1
1
1
0.8
1
0.813953
1
1
0.97619
1
1
1
1
1
1
1
1
1
1
0.395833
0.826087
1
1
1
0.615385
1
1
1
1
0.916667
1
0.902439
1
0.690476
1
1
1
1
1
0.820513
1
1
1
1
1
1
1
1
1
1
1
0.666667
1
1
1
1
1
0.73913
1
1
1
1
0.85
1
1
1
0.878049
1
1
1
0.604167
1
1
1
1
1
1
1
1
0.973684
1
1
1
1
1
1
1
1
1
0.882353
1
1
1
1
1
1
1
1
1
1
1
1
0.890909
1
1
1
1
1
1
1
1
1
1
1
1
1
1
1
1
1
1
1
0.843137
1
1
1
0.94
1
1
1
1
1
1
1
1
1
0.97619
1
1
1
0.854167
1
1
1
0.82
1
1
1
1
1
0.840909
1
1
1
1
1
1
0.954545
1
1
0.96
1
1
1
1
0.866667
1
0.865385
1
1
1
0.916667
0.666667
0.685185
0.886364
0.978261
1
1
1
1
0.854167
1
1
1
1
1
1
1
1
1
1
1
1
1
1
1
1
0.833333
1
1
1
1
1
1
0.833333
1
1
0.9375
1
1
1
1
1
1
1
1
1
1
0.959184
1
1
1
1
0.894737
1
1
1
1
1
1
0.888889
0.722222
1
1
1
1
0.926829
1
1
1
1
1
0.849057
0.723404
1
1
1
1
1
1
1
1
0.976744
1
1
1
1
1
1
1
1
1
1
0.930233
0.948718
1
1
1
1
1
1
1
1
1
1
1
1
0.865385
1
1
1
1
1
1
1
1
1
1
1
1
0.958333
1
1
1
1
1
1
1
0.857143
1
1
1
0.847826
1
1
1
0.688889
1
1
1
1
1
1
1
1
1
1
1
1
1
1
1
1
1
1
1
0.972973
1
1
1
1
0.864407
0.98
0.784314
1
1
0.787234
0.962264
0.888889
1
1
1
0.644444
1
0.953488
1
0.953488
1
1
1
1
1
1
1
1
1
1
1
1
1
1
1
1
1
1
0.95
1
1
1
1
1
1
1
1
1
1
1
1
1
1
1
1
1
1
0.955556
1
1
1
1
1
1
1
1
1
1
1
1
1
1
1
1
1
1
1
1
1
1
1
1
1
0.833333
1
1
1
1
0.785714
1
1
0.723404
0.95
1
1
1
1
1
1
1
1
0.97561
0.979167
1
1
1
1
1
1
1
1
1
1
0.98
0.77551
0.836735
0.829268
1
1
1
1
1
1
1
1
1
1
1
1
1
1
0.816327
1
1
0.804348
1
1
0.87234
0.977778
0.866667
1
0.92
1
0.822222
0.880952
1
1
1
1
1
1
1
0.82
1
0.938776
1
1
1
0.734694
1
1
1
1
1
1
1
1
1
0.978261
1
1
0.82
0.894737
1
1
0.8
0.886792
1
1
1
1
1
1
1
1
0.9
1
1
1
1
1
1
1
1
1
0.888889
1
0.933333
1
1
1
1
0.854167
0.979167
1
1
0.921569
1
1
1
1
0.837838
1
1
0.978723
1
1
1
0.836735
1
1
1
0.979592
1
1
1
0.836735
1
1
1
1
1
1
0.895833
1
1
1
0.930233
1
1
1
0.805556
1
0.86
1
1
1
1
1
1
1
1
1
0.895833
0.883721
1
1
1
1
1
1
1
1
1
1
1
1
1
0.795455
1
1
1
1
1
1
1
1
1
0.972973
1
1
1
1
1
1
1
1
1
1
1
1
1
1
1
1
1
0.840909
0.861111
1
0.921053
1
1
1
1
0.854167
1
1
0.698113
1
1
1
1
1
1
1
0.944444
1
1
0.660377
1
1
1
0.974359
1
1
1
1
1
1
1
1
1
1
0.813953
1
0.82
1
1
0.952381
1
1
1
1
1
0.976744
1
0.880952
0.770833
1
1
1
1
1
1
1
1
1
1
1
1
1
1
1
1
1
0.73913
1
1
1
0.9375
1
1
0.76
0.770833
1
1
1
1
1
1
1
1
1
1
1
1
1
1
1
1
1
1
1
1
0.888889
1
1
1
1
1
1
1
1
1
1
1
1
1
1
1
0.808511
1
1
1
1
1
1
1
1
1
1
0.857143
1
1
1
0.979167
1
1
1
0.953488
0.906977
1
1
1
1
1
1
1
1
1
1
1
0.938776
1
1
1
1
1
1
1
1
1
1
1
1
1
1
1
1
1
1
1
1
1
1
1
1
1
1
1
1
1
1
0.553571
1
1
1
1
1
1
0.843137
1
1
1
1
1
0.735849
1
0.906977
0.883721
1
0.769231
1
1
1
1
1
0.829787
1
1
0.891304
1
1
1
1
1
1
0.882353
1
1
1
0.978261
1
1
1
1
1
1
1
0.9375
1
1
1
1
1
1
1
1
1
1
0.854167
1
0.759259
0.97619
1
1
0.813953
1
1
0.82
1
0.931818
1
1
1
1
1
1
1
0.948718
1
1
1
1
0.921569
1
1
0.860465
1
1
0.833333
1
1
1
1
1
1
1
1
1
1
1
1
1
0.882353
1
1
1
1
1
0.837209
1
1
1
1
1
0.76
1
1
1
1
0.803922
1
1
1
0.780488
1
1
1
1
1
1
1
1
1
0.941176
0.897959
1
1
1
0.857143
1
1
1
1
1
1
0.734694
1
1
0.97561
1
1
1
1
1
0.863636
0.804878
1
0.974359
0.688889
1
1
1
1
1
1
1
1
0.9
1
1
1
0.931818
0.789474
0.955556
1
0.847826
1
1
1
1
0.857143
0.97561
0.977778
1
1
1
1
1
1
0.837209
1
1
1
1
0.76087
1
1
1
1
0.815789
1
1
1
1
1
0.863636
1
0.955556
1
0.97561
1
1
0.852941
1
1
0.813953
1
0.826087
1
0.863636
1
1
0.960784
1
1
1
0.730769
1
1
0.74
1
1
1
0.865385
1
1
1
1
1
1
1
0.925
1
1
1
1
1
0.904762
1
1
1
1
1
1
1
0.711538
1
1
1
0.923077
0.75
1
1
1
1
1
1
0.808511
1
1
1
1
1
0.857143
1
1
1
1
1
1
1
0.673469
1
1
0.767442
1
1
0.913043
1
1
1
1
1
1
1
1
1
1
1
1
1
1
1
1
0.824561
0.840909
1
1
1
1
1
0.925
1
1
1
0.902439
1
1
0.960784
1
1
1
1
0.863636
1
1
1
0.857143
1
1
0.847826
1
1
1
0.863636
1
1
1
1
1
1
1
1
1
1
1
1
1
0.897436
1
0.923077
1
1
1
1
1
0.960784
1
1
1
1
1
0.862745
0.962963
0.818182
1
1
1
1
1
0.931818
1
1
1
1
1
1
1
1
1
1
1
1
1
1
1
1
1
1
1
1
1
1
1
0.8
1
1
1
0.959184
1
1
1
1
1
0.934783
0.9
1
1
0.980769
0.977778
1
1
1
1
1
1
1
1
0.714286
1
1
1
1
0.921569
1
0.826087
1
1
0.844444
1
1
1
1
1
1
1
1
1
1
1
1
1
1
1
0.893617
0.92
1
0.87234
1
1
1
1
1
0.976744
1
1
1
1
1
1
1
1
1
1
1
1
0.930233
1
1
1
1
1
1
1
1
1
1
0.895833
0.65
0.839286
1
0.930233
1
1
1
0.714286
1
1
1
1
0.897959
0.976744
1
1
1
1
1
1
1
1
1
0.974359
1
1
1
1
0.685185
0.911111
1
1
1
1
1
1
1
1
1
1
1
1
1
1
1
1
1
1
1
1
0.976744
1
1
1
1
1
1
1
1
1
1
1
1
1
1
1
1
1
1
1
1
1
1
1
1
1
1
1
1
0.8
1
1
1
0.90566
1
0.868421
1
1
0.745098
1
1
1
1
0.956522
1
1
1
1
0.808511
0.894737
1
1
1
0.854167
1
1
0.857143
1
1
1
1
1
1
1
1
1
1
1
1
1
1
1
1
0.851852
1
0.634615
1
1
1
1
1
1
1
1
0.959184
0.634615
1
1
1
1
1
1
1
0.933333
0.851064
0.925
1
1
1
1
1
1
1
0.97561
1
0.777778
1
1
1
0.829787
1
1
0.921053
0.930233
1
1
1
1
1
1
1
1
1
0.811321
1
1
0.681818
1
1
1
1
1
1
1
1
1
1
1
1
0.666667
1
1
1
1
0.875
1
0.875
1
0.93617
1
1
0.808511
1
1
1
1
0.944444
1
1
1
1
0.96
0.9
1
0.956522
1
0.933333
1
0.833333
1
1
1
1
0.925926
1
1
0.782609
1
0.933333
1
1
1
1
1
1
1
1
1
1
1
1
1
1
1
1
1
1
1
1
1
1
1
1
1
1
1
1
1
1
1
1
0.84
1
1
1
1
1
1
1
1
0.829268
1
1
1
1
1
1
1
1
1
1
0.84
0.933333
1
1
1
1
1
1
1
1
1
0.978723
0.690476
1
1
1
0.857143
1
1
1
0.814815
1
1
0.928571
1
1
1
1
1
1
1
1
1
1
1
1
1
1
1
0.829787
1
1
1
1
0.75
0.727273
0.906977
1
1
1
1
1
1
1
0.974359
1
1
0.956522
0.954545
1
0.976744
1
1
1
1
1
0.866667
1
1
1
1
1
1
1
1
1
1
1
1
1
1
1
1
0.9
1
1
1
1
1
0.77551
1
1
1
1
1
1
1
0.916667
1
0.955556
1
1
1
1
1
1
0.823529
1
1
1
1
1
1
1
1
1
1
0.893617
0.846154
1
1
1
1
1
1
1
0.837838
1
1
0.978723
1
1
1
0.744681
1
1
1
1
1
1
1
1
1
1
1
1
1
1
1
1
1
1
1
1
1
1
--UNF_QUERIES_END--
--F_QUERIES--
1
1
1
1
1
1
1
1
1
1
1
1
1
1
1
1
1
1
1
1
1
1
1
1
1
1
1
1
1
1
1
1
1
1
1
1
1
1
1
1
1
1
1
1
1
1
1
1
1
1
1
1
1
1
1
1
1
1
1
1
1
1
1
1
1
1
1
1
1
1
1
1
1
1
1
1
1
1
1
1
1
1
1
1
1
1
1
1
1
1
1
1
1
1
1
1
1
1
1
1
1
1
1
1
1
1
1
1
1
1
1
1
1
1
1
1
1
1
1
1
1
1
1
1
1
1
1
1
1
1
1
1
1
1
1
1
1
1
1
1
1
1
1
1
1
1
1
1
1
1
1
1
1
1
1
1
1
1
1
1
1
1
1
1
1
1
1
1
1
1
1
1
1
1
1
1
1
1
1
1
1
1
1
1
1
1
1
1
1
1
1
1
1
1
1
1
1
1
1
1
1
1
1
1
1
1
1
1
1
1
1
1
1
1
1
1
1
1
1
1
1
1
1
1
1
1
1
1
1
1
1
1
1
1
1
1
1
1
1
1
1
1
1
1
1
1
1
1
1
1
1
1
1
1
1
1
1
1
1
1
1
1
1
1
1
1
1
1
1
1
1
1
1
1
1
1
1
1
1
1
1
1
1
1
1
1
1
1
1
1
1
1
1
1
1
1
1
1
1
1
1
1
1
1
1
1
1
1
1
1
1
1
1
1
1
1
1
1
1
1
1
1
1
1
1
1
1
1
1
1
1
1
1
1
1
1
1
1
1
1
1
1
1
1
1
1
1
1
1
1
1
1
1
1
1
1
1
1
1
1
1
1
1
1
1
1
1
1
1
1
1
1
1
1
1
1
1
1
1
1
1
1
1
1
1
1
1
1
1
1
1
1
1
1
1
1
1
1
1
1
1
1
1
1
1
1
1
1
1
1
1
1
1
1
1
1
1
1
1
1
1
1
1
1
1
1
1
1
1
1
1
1
1
1
1
1
1
1
1
1
1
1
1
1
1
1
1
1
1
1
1
1
1
1
1
1
1
1
1
1
1
1
1
1
1
1
1
1
1
1
1
1
1
1
1
1
1
1
1
1
1
1
1
1
1
1
1
1
1
1
1
1
1
1
1
1
1
1
1
1
1
1
1
1
1
1
1
1
1
1
1
1
1
1
1
1
1
1
1
1
1
1
1
1
1
1
1
1
1
1
1
1
1
1
1
1
1
1
1
1
1
1
1
1
1
1
1
1
1
1
1
1
1
1
1
1
1
1
1
1
1
1
1
1
1
1
1
1
1
1
1
1
1
1
1
1
1
1
1
1
1
1
1
1
1
1
1
1
1
1
1
1
1
1
1
1
1
1
1
1
1
1
1
1
1
1
1
1
1
1
1
1
1
1
1
1
1
1
1
1
1
1
1
1
1
1
1
1
1
1
1
1
1
1
1
1
1
1
1
1
1
1
1
1
1
1
1
1
1
1
1
1
1
1
1
1
1
1
1
1
1
1
1
1
1
1
1
1
1
1
1
1
1
1
1
1
1
1
1
1
1
1
1
1
1
1
1
1
1
1
1
1
1
1
1
1
1
1
1
1
1
1
1
1
1
1
1
1
1
1
1
1
1
1
1
1
1
1
1
1
1
1
1
1
1
1
1
1
1
1
1
1
1
1
1
1
1
1
1
1
1
1
1
1
1
0
1
1
1
1
1
1
1
1
1
1
1
1
1
1
1
1
1
1
1
1
1
1
1
1
1
1
1
1
1
1
1
1
1
1
1
1
1
1
1
1
1
1
1
1
1
1
1
1
1
1
1
1
1
1
1
1
1
1
1
1
1
1
1
1
1
1
1
1
1
1
1
1
1
1
1
1
1
1
1
1
1
1
1
1
1
1
1
1
1
1
1
1
1
1
1
1
1
1
1
1
1
1
1
1
1
1
1
1
1
1
1
1
1
1
1
1
1
1
1
1
1
1
1
1
1
1
1
1
1
1
1
1
1
1
1
1
1
1
1
1
1
1
1
1
1
1
1
1
1
1
1
1
1
1
1
1
1
1
1
1
1
1
1
1
1
1
1
1
1
1
1
1
1
1
1
1
1
1
1
1
1
1
1
1
1
1
1
1
1
1
1
1
1
1
1
1
1
1
1
1
1
1
1
1
1
1
1
1
1
1
1
1
1
1
1
1
1
1
1
1
1
1
1
1
1
1
1
1
1
1
1
1
1
1
1
1
1
1
1
1
1
1
1
1
1
1
1
1
1
1
1
1
1
1
1
1
1
1
1
1
1
1
1
1
1
1
1
1
1
1
1
1
1
1
1
1
1
1
1
1
1
1
1
1
1
1
1
1
1
1
1
1
1
1
1
1
1
1
1
1
1
1
1
1
1
1
1
1
1
1
1
1
1
1
1
1
1
1
1
1
1
1
1
1
1
1
1
1
1
1
1
1
1
1
1
1
1
1
1
1
1
1
1
1
1
1
1
1
1
1
1
1
1
1
1
1
1
1
1
1
1
1
1
1
1
1
1
1
1
1
1
1
1
1
1
1
1
1
1
1
1
1
1
1
1
1
1
1
1
1
1
1
1
1
1
1
1
1
1
1
1
1
1
1
1
1
1
1
1
1
1
1
1
1
1
1
1
1
1
1
1
1
1
1
1
1
1
1
1
1
1
1
1
1
1
1
1
1
1
1
1
1
1
1
1
1
1
1
1
1
1
1
1
1
1
1
1
1
1
1
1
1
1
1
1
1
1
1
1
1
1
1
1
1
1
1
1
1
1
1
1
1
1
1
1
1
1
1
1
1
1
1
1
1
1
1
1
1
1
1
1
1
1
1
1
1
1
1
1
1
1
1
1
1
1
1
1
1
1
1
1
1
1
1
1
1
1
1
1
1
1
1
1
1
1
1
1
1
1
1
1
1
1
1
1
1
1
1
1
1
1
1
1
1
1
1
1
1
1
1
1
1
1
1
1
1
1
1
1
1
1
1
1
1
1
1
1
1
1
1
1
1
1
1
1
1
1
1
1
1
1
1
1
1
1
1
1
1
1
1
1
1
1
1
1
1
1
1
1
1
1
1
1
1
1
1
1
1
1
1
1
1
1
1
1
1
1
1
1
1
1
1
1
1
1
1
1
1
1
1
1
1
1
1
1
1
1
1
1
1
1
1
1
1
1
1
1
1
1
1
1
1
1
1
1
1
1
1
1
1
1
1
1
1
1
1
1
1
1
1
1
1
1
1
1
1
1
1
1
1
1
1
1
1
1
1
1
1
1
1
1
1
1
1
1
1
1
1
1
1
1
1
1
1
1
1
1
1
1
1
1
1
1
1
1
1
1
1
1
1
1
1
1
1
1
1
1
1
1
1
1
1
1
1
1
1
1
1
1
1
1
1
1
1
1
1
1
1
1
1
1
1
1
1
1
1
1
1
1
1
1
1
1
1
1
1
1
1
1
1
1
1
1
1
1
1
1
1
1
1
1
1
1
1
1
1
1
1
1
1
1
1
1
1
1
1
1
1
1
1
1
1
1
1
1
1
1
1
1
1
1
1
1
1
1
1
1
1
1
1
1
1
1
1
1
1
1
1
1
1
1
1
1
1
1
1
1
1
1
1
1
1
1
1
1
1
1
1
1
1
1
1
1
1
1
1
1
1
1
1
1
1
1
1
1
1
1
1
1
1
1
1
1
1
1
1
1
1
1
1
1
1
1
1
1
1
1
1
1
1
1
1
1
1
1
1
1
1
1
1
1
1
1
1
1
1
1
1
1
1
1
1
1
1
1
1
1
1
1
1
1
1
1
1
1
1
1
1
1
1
1
1
1
1
1
1
1
1
1
1
1
1
1
1
1
1
1
1
1
1
1
1
1
1
1
1
1
1
1
1
1
1
1
1
1
1
1
1
1
1
1
1
1
1
1
1
1
1
1
1
1
1
1
1
1
1
1
1
1
1
1
1
1
1
1
1
1
1
1
1
1
1
1
1
1
1
1
1
1
1
1
1
1
1
1
1
1
1
1
1
1
1
1
1
1
1
1
1
1
1
1
1
1
1
1
1
1
1
1
1
1
1
1
1
1
1
1
1
1
1
1
1
1
1
1
1
1
1
1
1
1
1
1
1
1
1
1
1
1
1
1
1
1
1
1
1
1
1
1
1
1
1
1
1
1
1
1
1
1
1
1
1
1
1
1
1
1
1
1
1
1
1
1
1
1
1
1
1
1
1
1
1
1
1
1
1
1
1
1
1
1
1
1
1
1
1
1
1
1
1
1
1
1
1
1
1
1
1
1
1
1
1
1
1
1
1
1
1
1
1
1
1
1
1
1
1
1
1
1
1
1
1
1
1
1
1
1
1
1
1
1
1
1
1
1
1
1
1
1
1
1
1
1
1
1
1
1
1
1
1
1
1
1
1
1
1
1
1
1
1
1
1
1
1
1
1
1
1
1
1
1
1
1
1
1
1
1
1
1
1
1
1
1
1
1
1
1
1
1
1
1
1
1
1
1
1
1
1
1
1
1
1
1
1
1
1
1
1
1
1
1
1
1
1
1
1
1
1
1
1
1
1
1
1
1
1
1
1
1
1
1
1
1
1
1
1
1
1
1
1
1
1
1
1
1
1
1
1
1
1
1
1
1
1
1
1
1
1
1
1
1
1
1
1
1
1
1
1
1
1
1
1
1
1
1
1
1
1
1
1
1
1
1
1
1
1
1
1
1
1
1
1
1
1
1
1
1
1
1
1
1
1
1
1
1
1
1
1
1
1
1
1
1
1
1
1
1
1
1
1
1
1
1
1
1
1
1
1
1
1
1
1
1
1
1
1
1
1
1
1
1
1
1
1
1
1
1
1
1
1
1
1
1
1
1
1
1
1
1
1
1
1
1
1
1
1
1
1
1
1
1
1
1
1
1
1
1
1
1
1
1
1
1
1
1
1
1
1
1
1
1
1
1
1
1
1
1
1
1
1
1
1
1
1
1
1
1
1
1
1
1
1
1
1
1
1
1
1
1
1
1
1
1
1
1
1
1
1
1
1
1
1
1
1
1
1
1
1
1
1
1
1
1
1
1
1
1
1
1
1
1
1
1
1
1
1
1
1
1
1
1
1
1
1
1
1
1
1
1
1
1
1
1
1
1
1
1
1
1
1
1
1
1
1
1
1
1
1
1
1
1
1
1
1
1
1
1
1
1
1
1
1
1
1
1
1
1
1
1
1
1
1
1
1
1
1
1
1
1
1
1
1
1
1
1
1
1
1
1
1
1
1
1
1
1
1
1
1
1
1
1
1
1
1
1
1
1
1
1
1
1
1
1
1
1
1
1
1
1
1
1
1
1
1
1
1
1
1
1
1
1
1
1
1
1
1
1
1
1
1
1
1
1
1
1
1
1
1
1
1
1
1
1
1
1
1
1
1
1
1
1
1
1
1
1
1
1
1
1
1
1
1
1
1
1
1
1
1
1
1
1
1
1
1
1
1
1
1
1
1
1
1
1
1
1
1
1
1
1
1
1
1
1
1
1
1
1
1
1
1
1
1
1
1
1
1
1
1
1
1
1
1
1
1
1
1
1
1
1
1
1
1
1
1
1
1
1
1
1
1
1
1
1
1
1
1
1
1
1
1
1
1
1
1
1
1
1
1
1
1
--F_QUERIES_END--
Time to query the index (unfiltered): 00:00:00.341'279
Average recall score for unfiltered queries: 0.975549
Time to query the index (filtered): 00:00:00.346'454
Average recall score for filtered queries: 0.999599
